Date,Open,High,Low,Close,Volume,Adj Close
2016-01-22,20.51,20.969999,20.00,20.780001,163100,20.780001
2016-01-21,19.93,20.370001,19.799999,19.950001,139000,19.950001
2016-01-20,19.280001,20.23,19.059999,19.93,151400,19.93
2016-01-19,20.040001,20.049999,19.280001,19.49,140400,19.49
2016-01-15,19.389999,19.91,19.15,19.83,221200,19.83
2016-01-14,20.01,20.25,19.75,19.98,126600,19.98
2016-01-13,20.559999,20.639999,19.860001,19.98,211300,19.98
2016-01-12,20.709999,20.959999,20.09,20.540001,168000,20.540001
2016-01-11,20.60,20.76,20.18,20.66,140700,20.66
2016-01-08,21.25,21.370001,20.50,20.52,189900,20.52
2016-01-07,21.26,21.469999,21.09,21.209999,152900,21.209999
2016-01-06,21.860001,22.01,21.60,21.690001,95700,21.690001
2016-01-05,22.299999,22.33,21.889999,22.10,123700,22.10
2016-01-04,22.82,22.959999,22.110001,22.15,176500,22.15
2015-12-31,23.57,23.84,23.190001,23.219999,211100,23.219999
2015-12-30,23.50,23.84,23.50,23.67,128300,23.67
2015-12-29,23.620001,23.709999,23.290001,23.52,220900,23.52
2015-12-28,23.639999,23.77,23.379999,23.52,137800,23.52
2015-12-24,23.389999,23.799999,23.00,23.68,102000,23.68
2015-12-23,23.23,23.469999,23.09,23.209999,113500,23.209999
2015-12-22,22.90,23.139999,22.559999,23.10,120200,23.10
2015-12-21,22.879999,23.17,22.690001,22.85,103900,22.85
2015-12-18,22.940001,23.040001,22.639999,22.76,364700,22.76
2015-12-17,23.59,23.610001,22.969999,23.08,143000,23.08
2015-12-16,23.50,23.790001,23.16,23.389999,131600,23.389999
2015-12-15,23.66,23.76,22.85,23.379999,169600,23.379999
2015-12-14,22.639999,23.540001,22.639999,23.51,316200,23.51
2015-12-11,22.860001,23.50,22.629999,22.74,346900,22.74
2015-12-10,23.440001,23.530001,23.02,23.33,363500,23.33
2015-12-09,24.27,24.73,23.389999,23.42,206900,23.42
2015-12-08,23.860001,24.58,23.620001,24.34,274600,24.34
2015-12-07,24.459999,24.459999,23.84,24.059999,129500,24.059999
2015-12-04,23.75,24.610001,23.700001,24.530001,164700,24.530001
2015-12-03,24.209999,24.26,23.610001,23.74,184700,23.74
2015-12-02,24.27,24.52,24.049999,24.10,122200,24.10
2015-12-01,24.83,24.90,24.23,24.309999,186600,24.309999
2015-11-30,25.120001,25.129999,24.639999,24.709999,142900,24.709999
2015-11-27,24.940001,25.34,24.76,25.15,102100,25.04
2015-11-25,24.74,25.200001,24.60,24.98,146200,24.870744
2015-11-24,24.280001,24.860001,24.280001,24.77,137300,24.661663
2015-11-23,24.030001,24.719999,24.030001,24.459999,149000,24.353018
2015-11-20,24.059999,24.389999,23.799999,24.129999,167300,24.024461
2015-11-19,24.120001,24.280001,23.799999,23.959999,145400,23.855205
2015-11-18,23.77,24.200001,23.620001,24.110001,188400,24.00455
2015-11-17,23.60,24.049999,23.379999,23.639999,159900,23.536604
2015-11-16,23.389999,23.709999,23.389999,23.50,229700,23.397217
2015-11-13,23.99,24.25,23.41,23.48,223000,23.377304
2015-11-12,24.530001,24.559999,23.639999,24.030001,226500,23.9249
2015-11-11,24.440001,25.030001,24.24,24.639999,254600,24.532231
2015-11-10,24.219999,24.559999,23.360001,24.440001,175400,24.333107
2015-11-09,24.209999,24.559999,23.959999,24.35,176900,24.2435
2015-11-06,24.280001,24.50,23.40,24.23,240700,24.124024
2015-11-05,24.42,24.42,23.83,24.40,211700,24.293281
2015-11-04,22.74,24.58,22.74,24.48,303100,24.372931
2015-11-03,21.450001,22.98,21.24,22.719999,266700,22.620628
2015-11-02,20.42,22.23,19.620001,21.690001,310600,21.595134
2015-10-30,20.84,21.00,20.450001,20.469999,187000,20.380469
2015-10-29,21.190001,21.27,20.74,20.889999,219100,20.798632
2015-10-28,20.879999,21.459999,20.639999,21.27,176800,21.176971
2015-10-27,21.10,21.10,20.58,20.790001,97000,20.699071
2015-10-26,21.50,21.559999,21.17,21.190001,78100,21.097321
2015-10-23,21.370001,21.52,21.07,21.50,59500,21.405965
2015-10-22,20.639999,21.27,20.43,21.110001,127800,21.017671
2015-10-21,21.23,21.23,20.450001,20.459999,109600,20.370513
2015-10-20,21.190001,21.60,21.02,21.120001,81100,21.027628
2015-10-19,21.049999,21.280001,20.93,21.24,69400,21.147102
2015-10-16,21.139999,21.459999,20.610001,21.219999,127900,21.127189
2015-10-15,20.43,21.07,20.299999,21.07,87700,20.977845
2015-10-14,20.620001,20.74,20.27,20.32,86500,20.231126
2015-10-13,20.950001,21.139999,20.639999,20.65,51300,20.559682
2015-10-12,20.92,21.42,20.719999,21.10,78300,21.007715
2015-10-09,21.360001,21.40,20.889999,20.90,113100,20.808589
2015-10-08,20.549999,21.379999,20.549999,21.34,131100,21.246665
2015-10-07,20.110001,20.65,20.110001,20.629999,72000,20.539769
2015-10-06,20.280001,20.52,19.99,20.030001,110000,19.942395
2015-10-05,19.620001,20.309999,19.620001,20.290001,95700,20.201258
2015-10-02,19.030001,19.60,18.85,19.57,109800,19.484406
2015-10-01,19.370001,19.450001,19.00,19.190001,134200,19.106069
2015-09-30,19.33,19.49,19.16,19.379999,101800,19.295236
2015-09-29,19.790001,19.790001,19.00,19.120001,225300,19.036375
2015-09-28,19.59,19.82,19.450001,19.75,214900,19.663619
2015-09-25,19.74,19.950001,19.43,19.639999,184500,19.554099
2015-09-24,19.43,19.59,19.24,19.549999,171000,19.464493
2015-09-23,19.75,19.83,19.41,19.629999,135900,19.544143
2015-09-22,19.879999,19.91,19.540001,19.75,105700,19.663619
2015-09-21,20.120001,20.32,19.90,20.09,111000,20.002132
2015-09-18,20.16,20.379999,19.85,19.950001,344900,19.862745
2015-09-17,20.530001,20.83,20.40,20.52,81700,20.430252
2015-09-16,20.389999,20.66,20.280001,20.59,79200,20.499945
2015-09-15,19.99,20.49,19.940001,20.32,118200,20.231126
2015-09-14,20.139999,20.190001,19.690001,19.93,131100,19.842832
2015-09-11,19.77,20.17,19.59,20.139999,133700,20.051912
2015-09-10,19.98,20.129999,19.700001,19.879999,72200,19.793049
2015-09-09,20.00,20.33,19.690001,20.00,235700,19.912525
2015-09-08,20.00,20.02,19.67,19.860001,155500,19.773138
2015-09-04,19.67,19.99,19.50,19.690001,148100,19.603882
2015-09-03,20.110001,20.290001,19.92,19.959999,116100,19.872699
2015-09-02,20.059999,20.299999,19.799999,20.129999,149000,20.041956
2015-09-01,20.190001,20.60,19.780001,19.809999,148700,19.723356
2015-08-31,20.43,20.82,20.41,20.68,126300,20.589552
2015-08-28,20.559999,20.780001,20.370001,20.51,129500,20.420295
2015-08-27,20.33,20.75,19.91,20.73,145700,20.639332
2015-08-26,20.309999,20.360001,19.860001,20.129999,283100,20.041956
2015-08-25,21.10,21.10,19.690001,19.84,172600,19.753225
2015-08-24,20.49,21.309999,20.139999,20.40,197000,20.310776
2015-08-21,21.99,22.26,21.50,21.67,201200,21.575221
2015-08-20,22.440001,22.709999,22.24,22.280001,128600,22.182554
2015-08-19,23.00,23.01,22.65,22.68,130700,22.580804
2015-08-18,23.00,23.120001,22.83,23.040001,135600,22.93923
2015-08-17,23.139999,23.190001,22.719999,23.00,155800,22.899404
2015-08-14,22.790001,23.23,22.790001,23.23,72100,23.128398
2015-08-13,22.959999,23.190001,22.68,22.879999,100000,22.779928
2015-08-12,22.709999,23.09,22.610001,22.92,91400,22.819754
2015-08-11,22.700001,23.02,22.639999,23.01,126600,22.909361
2015-08-10,22.85,23.18,22.65,22.92,171600,22.819754
2015-08-07,22.610001,23.139999,22.469999,22.700001,148600,22.600717
2015-08-06,21.469999,22.99,21.469999,22.809999,323700,22.710235
2015-08-05,22.030001,22.23,21.809999,21.959999,141500,21.863952
2015-08-04,21.83,22.219999,21.790001,21.82,117500,21.724565
2015-08-03,22.24,22.24,21.629999,21.879999,133400,21.784302
2015-07-31,22.43,22.66,22.00,22.190001,202100,22.092947
2015-07-30,22.209999,22.530001,22.120001,22.360001,124900,22.262204
2015-07-29,22.309999,22.50,22.280001,22.33,142300,22.232335
2015-07-28,22.26,22.549999,21.719999,22.370001,137100,22.272161
2015-07-27,22.049999,22.200001,21.92,22.120001,154700,22.023254
2015-07-24,22.58,22.639999,22.00,22.15,111100,22.053122
2015-07-23,23.00,23.049999,22.58,22.60,113100,22.501154
2015-07-22,22.559999,23.02,22.51,23.01,99300,22.909361
2015-07-21,23.00,23.24,22.50,22.629999,128800,22.531022
2015-07-20,22.92,23.10,22.709999,23.02,86100,22.919317
2015-07-17,22.620001,22.98,22.48,22.91,125800,22.809798
2015-07-16,22.68,22.889999,22.459999,22.530001,140600,22.431461
2015-07-15,22.889999,23.15,22.43,22.52,83600,22.421504
2015-07-14,23.18,23.299999,22.91,22.940001,62000,22.839667
2015-07-13,22.74,23.280001,22.620001,23.18,142600,23.078617
2015-07-10,22.450001,22.66,22.280001,22.629999,86000,22.531022
2015-07-09,22.469999,22.620001,22.190001,22.24,113500,22.142728
2015-07-08,22.290001,22.639999,21.90,22.110001,474000,22.013297
2015-07-07,22.76,22.76,22.299999,22.620001,112200,22.521067
2015-07-06,22.52,22.870001,22.469999,22.780001,124100,22.680367
2015-07-02,22.91,22.98,22.469999,22.75,115500,22.650498
2015-07-01,22.75,23.290001,22.65,22.85,133100,22.750061
2015-06-30,22.67,22.969999,22.450001,22.52,285900,22.421504
2015-06-29,22.66,23.33,22.370001,22.389999,209300,22.292072
2015-06-26,23.01,23.26,22.51,22.790001,528900,22.690324
2015-06-25,23.18,23.26,22.709999,22.93,122200,22.829711
2015-06-24,23.049999,23.360001,22.93,23.040001,112300,22.93923
2015-06-23,23.33,23.360001,22.969999,23.10,132100,22.998967
2015-06-22,23.57,23.719999,23.309999,23.370001,115400,23.267787
2015-06-19,23.59,23.59,23.34,23.35,228700,23.247874
2015-06-18,23.43,23.709999,23.379999,23.52,115900,23.41713
2015-06-17,23.719999,23.73,23.18,23.34,107600,23.237917
2015-06-16,23.530001,23.82,23.459999,23.559999,109600,23.456954
2015-06-15,23.84,23.84,23.35,23.549999,138600,23.446998
2015-06-12,23.82,24.18,23.790001,24.00,51400,23.89503
2015-06-11,24.129999,24.219999,23.91,24.00,60500,23.89503
2015-06-10,23.67,24.25,23.549999,24.049999,158100,23.944811
2015-06-09,23.870001,23.98,23.51,23.700001,81100,23.486824
2015-06-08,23.77,24.08,23.59,23.91,146400,23.694934
2015-06-05,23.610001,23.940001,23.35,23.84,68100,23.625564
2015-06-04,23.90,24.07,23.559999,23.68,67500,23.467003
2015-06-03,23.93,24.23,23.719999,24.110001,165400,23.893136
2015-06-02,23.719999,24.10,23.540001,23.91,111300,23.694934
2015-06-01,23.92,24.08,23.33,23.83,113600,23.615653
2015-05-29,24.290001,24.43,23.50,23.67,434000,23.457093
2015-05-28,24.43,24.43,24.10,24.309999,153800,24.091335
2015-05-27,24.139999,24.559999,24.040001,24.41,238200,24.190436
2015-05-26,24.08,24.290001,23.969999,24.24,294500,24.021965
2015-05-22,24.110001,24.35,23.879999,24.309999,141700,24.091335
2015-05-21,24.290001,24.35,23.790001,24.18,243000,23.962506
2015-05-20,23.690001,24.35,23.389999,24.290001,226400,24.071517
2015-05-19,23.57,23.799999,23.389999,23.620001,98100,23.407543
2015-05-18,23.02,23.66,22.92,23.66,112200,23.447182
2015-05-15,23.290001,23.360001,22.91,23.139999,65900,22.931859
2015-05-14,23.33,23.49,23.01,23.41,139000,23.199431
2015-05-13,22.799999,23.209999,22.50,23.200001,160600,22.991321
2015-05-12,22.59,22.809999,22.32,22.799999,183400,22.594917
2015-05-11,22.67,23.129999,22.65,22.76,146200,22.555278
2015-05-08,23.110001,23.110001,22.60,22.76,130700,22.555278
2015-05-07,23.77,23.77,21.42,22.77,706000,22.565188
2015-05-06,23.99,24.17,23.68,24.139999,149500,23.922864
2015-05-05,24.049999,24.25,23.68,23.84,95400,23.625564
2015-05-04,24.18,24.370001,24.049999,24.219999,92900,24.002145
2015-05-01,24.02,24.309999,23.559999,24.15,98700,23.932775
2015-04-30,24.35,24.60,23.77,23.969999,206500,23.754394
2015-04-29,24.82,24.82,24.370001,24.530001,74400,24.309358
2015-04-28,24.67,25.030001,24.49,24.950001,99000,24.72558
2015-04-27,24.77,25.110001,24.15,24.58,156500,24.358907
2015-04-24,25.00,25.00,24.610001,24.66,107100,24.438188
2015-04-23,24.440001,25.17,24.440001,24.90,160800,24.676029
2015-04-22,24.360001,24.57,23.950001,24.52,69400,24.299448
2015-04-21,24.389999,24.52,24.110001,24.360001,86600,24.140887
2015-04-20,23.74,24.440001,23.700001,24.219999,115600,24.002145
2015-04-17,24.00,24.00,23.43,23.59,91000,23.377812
2015-04-16,24.50,24.549999,24.24,24.27,114800,24.051696
2015-04-15,24.32,24.84,24.16,24.559999,102800,24.339087
2015-04-14,23.84,24.370001,23.66,24.18,73100,23.962506
2015-04-13,23.85,24.299999,23.690001,23.84,100200,23.625564
2015-04-10,23.629999,23.950001,23.629999,23.85,57500,23.635474
2015-04-09,23.82,24.00,23.07,23.469999,68200,23.258891
2015-04-08,23.60,23.870001,23.52,23.68,145700,23.467003
2015-04-07,23.799999,23.969999,23.51,23.540001,101000,23.328263
2015-04-06,23.690001,24.030001,23.690001,23.809999,90700,23.595833
2015-04-02,23.85,24.00,23.75,23.85,109400,23.635474
2015-04-01,24.33,24.48,23.74,23.84,191700,23.625564
2015-03-31,24.50,24.620001,24.08,24.530001,165700,24.309358
2015-03-30,23.92,24.75,23.90,24.709999,179400,24.487737
2015-03-27,23.469999,23.84,23.110001,23.76,106200,23.546283
2015-03-26,23.35,23.549999,23.27,23.52,75000,23.308442
2015-03-25,23.57,23.889999,23.379999,23.50,250400,23.288622
2015-03-24,23.50,23.60,23.379999,23.51,108700,23.298532
2015-03-23,23.32,23.639999,23.23,23.52,86400,23.308442
2015-03-20,22.51,23.629999,22.389999,23.43,628700,23.219252
2015-03-19,22.40,22.50,22.129999,22.450001,82000,22.248067
2015-03-18,22.23,22.51,21.99,22.51,78100,22.307527
2015-03-17,22.32,22.49,22.139999,22.26,118700,22.059776
2015-03-16,22.34,22.51,22.209999,22.450001,66300,22.248067
2015-03-13,22.43,22.43,21.780001,22.15,104800,21.950764
2015-03-12,22.049999,22.51,21.950001,22.43,113600,22.228247
2015-03-11,21.84,21.940001,21.60,21.879999,105500,21.683193
2015-03-10,21.68,21.91,21.51,21.790001,87900,21.594004
2015-03-09,21.940001,22.049999,21.77,21.92,63100,21.722834
2015-03-06,21.99,22.290001,21.690001,21.92,78300,21.722834
2015-03-05,22.280001,22.40,21.90,22.23,86100,22.030045
2015-03-04,22.33,22.629999,22.09,22.290001,118900,22.089506
2015-03-03,22.950001,23.139999,22.299999,22.51,401200,22.307527
2015-03-02,22.389999,23.18,22.23,23.07,237600,22.862489
2015-02-27,23.75,23.85,22.459999,22.51,324500,22.307527
2015-02-26,23.65,23.799999,23.43,23.57,173000,23.357992
2015-02-25,23.92,23.93,23.41,23.610001,88300,23.397633
2015-02-24,23.67,23.90,23.629999,23.870001,121900,23.655295
2015-02-23,23.709999,23.85,23.469999,23.60,241200,23.387723
2015-02-20,23.370001,23.74,23.190001,23.74,97800,23.526463
2015-02-19,23.16,23.50,23.16,23.440001,75900,23.229162
2015-02-18,23.08,23.370001,23.059999,23.25,111800,23.04087
2015-02-17,23.34,23.50,23.10,23.139999,92800,22.931859
2015-02-13,23.40,23.50,23.23,23.370001,87200,23.159792
2015-02-12,23.10,23.49,23.08,23.40,87400,23.189521
2015-02-11,22.77,22.93,22.51,22.90,86600,22.694018
2015-02-10,22.92,22.959999,22.42,22.85,83900,22.644469
2015-02-09,23.09,23.33,22.549999,22.66,131800,22.456177
2015-02-06,23.26,23.889999,22.75,23.209999,214200,23.001229
2015-02-05,23.76,23.780001,23.290001,23.68,117600,23.467003
2015-02-04,23.18,23.950001,23.18,23.59,180900,23.377812
2015-02-03,22.51,23.370001,22.48,23.280001,253600,23.070601
2015-02-02,21.940001,22.59,21.83,22.559999,95200,22.357076
2015-01-30,22.309999,22.549999,21.780001,21.809999,137800,21.613822
2015-01-29,22.290001,22.57,22.01,22.549999,112600,22.347166
2015-01-28,22.959999,22.959999,22.059999,22.23,111900,22.030045
2015-01-27,22.530001,22.889999,22.24,22.83,83900,22.624648
2015-01-26,22.52,22.85,22.35,22.790001,75600,22.585009
2015-01-23,22.57,22.67,22.23,22.469999,86300,22.267886
2015-01-22,21.799999,22.60,21.60,22.530001,117700,22.327347
2015-01-21,21.50,21.809999,21.440001,21.60,87500,21.405712
2015-01-20,21.93,21.99,21.41,21.620001,113100,21.425533
2015-01-16,21.23,21.950001,21.23,21.93,127900,21.732744
2015-01-15,21.809999,21.809999,21.00,21.299999,90900,21.10841
2015-01-14,21.459999,21.969999,21.459999,21.809999,97000,21.613822
2015-01-13,21.450001,21.99,21.370001,21.790001,142700,21.594004
2015-01-12,21.34,21.440001,20.99,21.370001,144100,21.177782
2015-01-09,21.50,21.50,21.190001,21.41,110600,21.217421
2015-01-08,21.139999,21.57,20.959999,21.559999,164300,21.366071
2015-01-07,21.049999,21.139999,20.690001,21.040001,132600,20.85075
2015-01-06,21.209999,21.24,20.49,20.85,125900,20.662458
2015-01-05,21.799999,21.93,21.110001,21.190001,145800,20.9994
2015-01-02,22.549999,22.68,21.60,21.93,90700,21.732744
2014-12-31,22.450001,22.75,22.35,22.389999,101700,22.188605
2014-12-30,22.26,22.49,22.10,22.34,90900,22.139056
2014-12-29,22.34,22.50,22.209999,22.299999,73000,22.099415
2014-12-26,22.33,22.639999,22.26,22.370001,54300,22.168787
2014-12-24,22.24,22.49,22.07,22.41,52600,22.208426
2014-12-23,22.110001,22.27,21.959999,22.17,71100,21.970585
2014-12-22,21.639999,21.90,21.440001,21.889999,139600,21.693103
2014-12-19,21.91,22.290001,21.57,21.66,509700,21.465172
2014-12-18,21.85,22.17,21.639999,21.959999,171400,21.762473
2014-12-17,20.969999,21.629999,20.68,21.540001,184400,21.346253
2014-12-16,20.83,21.440001,20.83,20.969999,149100,20.781378
2014-12-15,21.059999,21.41,20.66,20.889999,186500,20.702098
2014-12-12,20.98,21.41,20.90,20.92,143700,20.731828
2014-12-11,21.27,21.959999,21.26,21.280001,127600,21.088591
2014-12-10,21.58,21.90,21.129999,21.15,140100,20.959759
2014-12-09,20.700001,21.719999,20.67,21.690001,160800,21.494903
2014-12-08,21.040001,21.35,20.82,20.969999,150600,20.781378
2014-12-05,20.74,21.370001,20.74,21.17,163200,20.97958
2014-12-04,20.77,20.77,20.57,20.73,198100,20.543537
2014-12-03,20.75,20.90,20.67,20.790001,164800,20.602999
2014-12-02,20.540001,20.799999,20.540001,20.65,375100,20.464257
2014-12-01,20.75,20.90,20.51,20.540001,211200,20.355247
2014-11-28,21.17,21.17,20.700001,20.719999,117500,20.533627
2014-11-26,21.09,21.309999,20.879999,21.15,110400,20.870569
2014-11-25,21.209999,21.32,21.01,21.120001,101200,20.840967
2014-11-24,20.639999,21.24,20.610001,21.190001,109800,20.910042
2014-11-21,20.860001,20.870001,20.58,20.610001,123500,20.337704
2014-11-20,19.93,20.50,19.74,20.450001,144500,20.179818
2014-11-19,20.73,20.73,19.940001,20.059999,268700,19.79497
2014-11-18,20.559999,20.92,20.370001,20.74,200300,20.465986
2014-11-17,20.889999,20.93,20.40,20.469999,152900,20.199553
2014-11-14,21.110001,21.120001,20.90,20.959999,179300,20.683079
2014-11-13,21.58,21.58,21.030001,21.120001,159500,20.840967
2014-11-12,21.040001,21.51,20.860001,21.469999,127100,21.186341
2014-11-11,20.799999,21.219999,20.620001,21.129999,115000,20.850833
2014-11-10,20.879999,20.99,20.700001,20.84,207500,20.564665
2014-11-07,20.93,20.969999,20.559999,20.809999,192300,20.535061
2014-11-06,19.549999,20.879999,19.15,20.870001,193500,20.59427
2014-11-05,20.50,20.50,19.99,20.27,173700,20.002196
2014-11-04,19.90,20.290001,19.90,20.25,248700,19.98246
2014-11-03,19.65,20.17,19.43,20.129999,261700,19.864045
2014-10-31,19.940001,19.940001,19.370001,19.65,227400,19.390387
2014-10-30,18.99,19.690001,18.90,19.440001,145800,19.183162
2014-10-29,19.389999,19.530001,18.93,19.139999,116900,18.887125
2014-10-28,18.469999,19.34,18.26,19.290001,179200,19.035144
2014-10-27,18.120001,18.370001,17.76,18.27,75800,18.02862
2014-10-24,18.68,18.790001,17.73,18.26,207800,18.018752
2014-10-23,18.16,18.709999,18.120001,18.610001,113700,18.364128
2014-10-22,18.639999,18.639999,17.889999,17.90,106600,17.663508
2014-10-21,18.16,18.57,17.66,18.52,227700,18.275317
2014-10-20,17.73,18.10,17.549999,18.07,199900,17.831262
2014-10-17,18.190001,18.299999,17.629999,17.860001,196300,17.624037
2014-10-16,17.879999,18.360001,17.76,17.950001,255300,17.712848
2014-10-15,17.200001,18.25,17.00,18.129999,164700,17.890468
2014-10-14,17.43,18.15,17.190001,17.540001,185600,17.308265
2014-10-13,17.01,17.549999,16.85,17.190001,198900,16.962889
2014-10-10,16.85,17.59,16.83,17.030001,165100,16.805003
2014-10-09,17.309999,17.42,16.809999,16.969999,147400,16.745794
2014-10-08,16.950001,17.35,16.780001,17.27,166700,17.041832
2014-10-07,17.280001,17.65,16.969999,17.01,294100,16.785267
2014-10-06,17.82,17.860001,17.379999,17.42,131700,17.18985
2014-10-03,17.82,17.93,17.41,17.82,233400,17.584565
2014-10-02,17.32,17.92,17.290001,17.60,161300,17.367472
2014-10-01,17.040001,17.50,16.93,17.27,246900,17.041832
2014-09-30,17.440001,17.58,17.00,17.01,307700,16.785267
2014-09-29,17.190001,17.530001,17.01,17.49,91000,17.258925
2014-09-26,17.48,17.68,17.299999,17.43,97300,17.199718
2014-09-25,17.75,17.799999,17.42,17.48,139900,17.249056
2014-09-24,17.950001,17.950001,17.67,17.83,86700,17.594433
2014-09-23,17.940001,18.02,17.77,17.84,150700,17.604301
2014-09-22,18.200001,18.200001,17.92,18.00,107500,17.762187
2014-09-19,18.700001,18.700001,18.290001,18.33,201300,18.087827
2014-09-18,18.469999,18.709999,18.43,18.65,112600,18.403599
2014-09-17,18.50,18.629999,18.34,18.379999,113600,18.137165
2014-09-16,18.030001,18.610001,18.01,18.51,133300,18.265449
2014-09-15,18.43,18.690001,18.030001,18.120001,166800,17.880602
2014-09-12,18.870001,18.91,18.370001,18.50,113600,18.255581
2014-09-11,18.559999,18.959999,18.280001,18.889999,231500,18.640428
2014-09-10,18.59,18.709999,18.43,18.67,88100,18.423335
2014-09-09,19.049999,19.049999,18.51,18.60,161600,18.35426
2014-09-08,19.07,19.15,18.77,19.059999,147100,18.808182
2014-09-05,18.82,19.16,18.610001,19.120001,138000,18.86739
2014-09-04,18.559999,19.26,18.559999,18.90,165100,18.650296
2014-09-03,18.540001,19.07,18.32,18.48,794600,18.235845
2014-09-02,18.57,18.690001,18.17,18.42,340800,18.176638
2014-08-29,18.41,18.74,18.33,18.66,69400,18.413467
2014-08-28,18.690001,19.26,18.360001,18.440001,79100,18.196374
2014-08-27,18.66,18.84,18.58,18.75,50300,18.502278
2014-08-26,18.639999,18.74,18.389999,18.67,133600,18.423335
2014-08-25,18.82,18.93,18.459999,18.67,113300,18.423335
2014-08-22,18.870001,18.92,18.559999,18.57,85200,18.324656
2014-08-21,18.610001,19.09,18.200001,18.860001,106900,18.610825
2014-08-20,18.959999,18.959999,18.57,18.65,63700,18.403599
2014-08-19,19.120001,19.299999,18.940001,19.10,121800,18.847654
2014-08-18,18.780001,19.25,18.68,19.120001,157100,18.86739
2014-08-15,18.75,18.75,18.120001,18.540001,148700,18.295053
2014-08-14,18.60,18.709999,18.41,18.50,94800,18.255581
2014-08-13,18.620001,19.02,18.459999,18.60,141300,18.35426
2014-08-12,18.98,19.18,18.48,18.540001,134000,18.295053
2014-08-11,19.33,19.73,18.84,19.10,175000,18.847654
2014-08-08,18.969999,19.32,18.66,19.26,146300,19.00554
2014-08-07,18.040001,19.35,18.01,18.91,347100,18.660164
2014-08-06,19.66,20.00,19.299999,19.57,168800,19.311444
2014-08-05,19.889999,20.27,19.67,19.879999,186000,19.617348
2014-08-04,19.76,20.09,19.360001,20.059999,222200,19.79497
2014-08-01,19.67,19.92,19.280001,19.65,141000,19.390387
2014-07-31,19.610001,20.110001,19.42,19.620001,194400,19.360784
2014-07-30,20.18,20.200001,19.610001,19.959999,123600,19.696291
2014-07-29,20.07,20.459999,19.969999,19.98,97400,19.716027
2014-07-28,20.280001,20.280001,19.58,19.959999,136500,19.696291
2014-07-25,20.50,20.799999,20.030001,20.200001,155300,19.933121
2014-07-24,21.23,21.34,20.629999,20.68,93000,20.406779
2014-07-23,21.85,22.10,21.110001,21.17,81000,20.890305
2014-07-22,21.26,22.049999,21.23,21.83,204100,21.541585
2014-07-21,21.059999,21.299999,20.690001,21.139999,114900,20.860701
2014-07-18,20.60,21.379999,20.530001,21.32,166500,21.038323
2014-07-17,21.17,21.68,20.50,20.629999,177200,20.357439
2014-07-16,32.239995,32.680006,31.560001,31.900005,138500,20.985698
2014-07-15,32.689994,33.100004,31.660006,31.98,123800,21.038323
2014-07-14,33.150001,33.160006,32.629995,32.770005,129500,21.558035
2014-07-11,32.49,32.939999,32.310001,32.680006,131900,21.498829
2014-07-10,31.949999,32.719995,31.669996,32.52,168500,21.393567
2014-07-09,32.809994,33.150001,32.659996,32.819999,112100,21.590924
2014-07-08,33.089999,33.190006,32.13,32.719995,432900,21.525135
2014-07-07,34.279996,34.530001,33.180001,33.259995,136700,21.88038
2014-07-03,33.919996,34.50,33.919996,34.439999,68900,22.656655
2014-07-02,34.099995,34.639996,33.469995,33.790006,137300,22.229052
2014-07-01,33.739995,34.639996,33.310006,34.180006,219800,22.485617
2014-06-30,33.109995,33.649996,32.73,33.520005,188700,22.051429
2014-06-27,32.509995,33.439994,32.440006,33.259995,235500,21.88038
2014-06-26,32.890005,32.920006,32.419996,32.770005,101000,21.558035
2014-06-25,32.25,33.070006,32.200004,32.959994,112100,21.683021
2014-06-24,32.670001,33.430006,32.350004,32.459999,161000,21.354095
2014-06-23,33.139996,33.280005,32.699999,32.959994,97400,21.683021
2014-06-20,33.00,33.430006,32.49,33.049996,497700,21.74223
2014-06-19,33.580004,33.799996,32.629995,33.130005,147300,21.794864
2014-06-18,32.800006,33.559994,32.509995,33.499995,210000,22.038266
2014-06-17,32.25,32.819999,32.149996,32.76,179400,21.551453
2014-06-16,31.879995,32.260005,31.290001,32.149996,134300,21.150157
2014-06-13,32.320006,32.320006,31.62,31.849995,138600,20.952798
2014-06-12,32.329994,32.37,31.750005,32.179994,122700,21.169891
2014-06-11,32.599995,32.76,32.200004,32.459999,104900,21.354095
2014-06-10,33.199994,33.379995,32.629995,32.860004,105300,21.617242
2014-06-09,33.190006,33.799996,33.00,33.599999,174800,22.018529
2014-06-06,32.470004,33.280005,32.449994,33.12,188700,21.703979
2014-06-05,31.180006,32.440006,30.430006,32.189999,318600,21.094537
2014-06-04,30.63,30.99,30.24,30.700004,181700,20.118123
2014-06-03,31.38,31.420006,30.439994,30.709994,607200,20.12467
2014-06-02,31.62,31.960004,30.959999,31.439999,201600,20.603052
2014-05-30,31.429994,31.530001,31.000005,31.199999,155400,20.445776
2014-05-29,31.639996,31.639996,30.970004,31.330004,94500,20.53097
2014-05-28,31.589999,31.690006,31.14,31.369995,102600,20.557177
2014-05-27,31.450004,31.729995,31.050001,31.709999,170300,20.779986
2014-05-23,30.430006,31.290001,30.130005,31.279996,102200,20.4982
2014-05-22,30.280005,30.619995,29.959994,30.409996,105900,19.928077
2014-05-21,29.650005,30.329999,29.410006,30.109995,183200,19.731482
2014-05-20,30.300001,30.300001,28.900005,29.350004,233900,19.23345
2014-05-19,30.089999,30.799996,30.089999,30.48,64100,19.973951
2014-05-16,29.830004,30.490005,29.629995,30.280005,151100,19.842892
2014-05-15,29.809994,30.109995,29.069999,29.88,173400,19.580764
2014-05-14,31.009995,31.009995,29.929994,30.109995,153900,19.731482
2014-05-13,31.879995,31.879995,30.75,31.050001,194000,20.347481
2014-05-12,30.889996,32.110004,30.820006,31.939994,151400,20.930705
2014-05-09,30.010005,30.99,29.61,30.75,170400,20.150886
2014-05-08,30.769996,31.410001,30.079994,30.199994,211400,19.79046
2014-05-07,30.889996,30.889996,29.910001,30.709994,202100,20.12467
2014-05-06,31.300006,31.750005,30.490005,30.730004,248000,20.137783
2014-05-05,29.969999,31.920001,29.969999,31.570006,403500,20.688247
2014-05-02,28.339994,29.230004,28.129995,28.900005,175700,18.93856
2014-05-01,28.210004,28.879995,27.430006,28.339994,198000,18.571577
2014-04-30,27.799996,28.560001,27.730004,28.349999,179300,18.578134
2014-04-29,28.469999,28.589999,27.910006,27.959999,125700,18.322561
2014-04-28,28.50,28.960004,28.050001,28.319999,200300,18.558474
2014-04-25,28.62,29.059994,28.090004,28.420006,224300,18.62401
2014-04-24,28.630005,29.470004,27.949994,28.709999,381200,18.814046
2014-04-23,27.420001,27.949994,27.079994,27.719999,255900,18.165286
2014-04-22,26.959994,27.520005,26.819999,27.499995,127800,18.021115
2014-04-21,26.680006,27.100004,26.500005,26.969999,148500,17.673801
2014-04-17,26.189999,26.76,25.999995,26.699999,108200,17.496866
2014-04-16,26.149996,26.539996,25.789996,26.239995,110900,17.19542
2014-04-15,26.459999,26.500005,25.450004,25.89,137900,16.966063
2014-04-14,25.990005,26.550001,25.650001,26.37,202200,17.280614
2014-04-11,25.709999,26.389996,25.650001,25.669996,164300,16.821892
2014-04-10,26.550001,26.959994,25.77,25.969995,152300,17.018485
2014-04-09,26.179994,26.779996,25.879995,26.689994,140700,17.49031
2014-04-08,25.86,26.52,25.669996,26.13,122600,17.123339
2014-04-07,26.590004,26.590004,25.819994,25.930006,354200,16.99228
2014-04-04,27.949994,28.009995,26.500005,26.689994,193200,17.49031
2014-04-03,28.540006,28.540006,27.700004,27.799996,138800,18.217709
2014-04-02,28.669996,28.720004,28.270005,28.519996,126800,18.689535
2014-04-01,28.090004,28.780005,27.150001,28.639996,294000,18.768172
2014-03-31,27.700004,28.300006,27.449999,27.87,175800,18.263584
2014-03-28,27.760005,28.290001,27.420001,27.460004,81900,17.994908
2014-03-27,27.930001,28.420006,27.580004,27.760005,109800,18.191502
2014-03-26,29.13,29.13,27.87,27.970004,159200,18.329118
2014-03-25,28.999995,29.059994,28.38,28.86,153500,18.912344
2014-03-24,28.840004,28.939994,28.300006,28.750005,224700,18.840263
2014-03-21,29.170006,29.550001,28.420006,28.750005,341900,18.840263
2014-03-20,28.999995,29.500005,28.86,29.110004,228000,19.076175
2014-03-19,28.489995,29.050006,28.369995,28.990005,239000,18.997538
2014-03-18,27.220004,28.450004,27.060001,28.420006,169800,18.62401
2014-03-17,27.930001,28.300006,27.060001,27.289996,217100,17.883499
2014-03-14,27.180001,27.679994,26.749995,27.660001,298800,18.125968
2014-03-13,29.350004,29.350004,27.00,27.370005,219600,17.93593
2014-03-12,28.969995,29.479995,28.50,29.269996,130800,19.18102
2014-03-11,30.400005,30.700004,29.089994,29.179994,192300,19.12204
2014-03-10,30.599999,30.850004,30.00,30.449999,106100,19.954291
2014-03-07,31.009995,31.060006,29.950004,30.63,128700,20.072249
2014-03-06,30.930001,31.180006,30.019996,30.689999,125700,20.111567
2014-03-05,30.63,31.23,30.349995,30.75,100500,20.150886
2014-03-04,29.539996,31.270005,29.539996,30.760005,916100,20.157443
2014-03-03,29.239995,29.310001,28.249995,29.050006,290700,19.036857
2014-02-28,29.579999,29.950004,29.350004,29.88,182000,19.580764
2014-02-27,28.849995,29.52,28.690006,29.49,112700,19.325191
2014-02-26,28.459994,29.400001,28.300006,29.050006,113400,19.036857
2014-02-25,29.530005,29.800006,28.26,28.459994,174200,18.650215
2014-02-24,29.299996,29.809994,28.750005,29.579999,149700,19.384169
2014-02-21,29.719995,29.719995,28.939994,29.350004,203000,19.23345
2014-02-20,28.829999,29.719995,28.439999,29.539996,184100,19.357955
2014-02-19,29.350004,29.579999,28.570006,28.690006,141900,18.800945
2014-02-18,29.069999,29.579999,28.750005,29.410006,175500,19.27277
2014-02-14,28.120005,29.149996,27.850004,28.849995,172700,18.905787
2014-02-13,27.790006,28.62,27.48,28.159996,128400,18.453622
2014-02-12,27.790006,28.360004,27.39,28.180006,144500,18.466735
2014-02-11,27.39,28.079999,27.130005,27.810001,162900,18.224266
2014-02-10,27.889996,27.889996,27.310006,27.48,195900,18.008011
2014-02-07,27.959999,28.090004,27.36,27.839999,194900,18.243924
2014-02-06,27.529996,28.129995,27.529996,28.02,171300,18.361881
2014-02-05,27.709994,27.87,26.910001,27.520005,183000,18.034227
2014-02-04,28.11,28.600004,26.809994,27.940006,270800,18.30946
2014-02-03,29.430001,29.929994,27.499995,28.02,354300,18.361881
2014-01-31,30.220004,30.760005,29.569994,29.659996,337100,19.436592
2014-01-30,31.240005,32.040001,30.63,30.910006,287600,20.25574
2014-01-29,32.020005,32.809994,30.63,30.87,168300,20.229524
2014-01-28,31.780005,32.710004,31.50,32.500005,282000,21.297688
2014-01-27,32.400001,32.809994,31.270005,31.669996,128900,20.753772
2014-01-24,33.089999,33.310006,31.999995,32.299996,230400,21.16662
2014-01-23,34.090004,34.159996,32.830004,33.340004,201900,21.84815
2014-01-22,33.430006,34.270005,33.060001,34.23,149000,22.431376
2014-01-21,32.52,33.490005,32.320006,33.430006,176400,21.90713
2014-01-17,32.569994,32.779996,32.160001,32.430001,97400,21.251813
2014-01-16,32.239995,32.699999,31.829999,32.52,93300,21.310791
2014-01-15,31.630005,32.560006,31.450004,32.400001,103100,21.232154
2014-01-14,31.150005,31.62,30.760005,31.459994,203400,20.616155
2014-01-13,31.429994,31.949999,30.640005,30.930001,221100,20.268843
2014-01-10,31.570006,32.830004,31.14,31.420006,150800,20.58995
2014-01-09,31.98,31.98,31.079999,31.570006,322800,20.688247
2014-01-08,31.489995,31.999995,31.090004,31.759995,247200,20.81275
2014-01-07,31.369995,31.920001,31.090004,31.62,190500,20.721009
2014-01-06,31.949999,31.949999,31.069994,31.170001,171000,20.426118
2014-01-03,31.819994,32.320006,31.410001,31.680001,101600,20.760328
2014-01-02,31.89,32.149996,31.540006,31.690006,152300,20.766885
2013-12-31,32.470004,32.579999,31.840004,31.949999,228000,20.937262
2013-12-30,32.629995,33.150001,32.110004,32.509995,237800,21.304235
2013-12-27,32.819999,33.169996,32.209994,32.740005,138900,21.454963
2013-12-26,32.110004,33.00,31.870005,32.680006,184400,21.415645
2013-12-24,32.860004,32.959994,31.920001,32.029996,140900,20.989685
2013-12-23,31.969995,32.910001,31.840004,32.719995,177500,21.44185
2013-12-20,30.199994,31.990005,30.049996,31.709999,657800,20.779986
2013-12-19,30.27,30.719999,29.800006,30.169996,116100,19.770802
2013-12-18,29.699999,30.409996,29.339999,30.400005,119000,19.92153
2013-12-17,30.499995,31.060006,29.539996,29.710004,157500,19.469363
2013-12-16,30.259995,31.390005,30.079994,30.599999,137700,20.052589
2013-12-13,29.37,30.460004,29.329994,30.190006,202100,19.783915
2013-12-12,29.080004,29.800006,29.080004,29.230004,114600,19.154813
2013-12-11,29.910001,30.00,28.999995,29.140005,154100,19.095835
2013-12-10,30.180001,30.739995,29.64,29.939999,134900,19.620081
2013-12-09,30.769996,31.000005,29.25,30.329999,266900,19.875654
2013-12-06,30.280005,31.150005,30.030001,30.760005,126200,20.157443
2013-12-05,29.509995,30.109995,28.999995,29.819999,99200,19.541444
2013-12-04,28.999995,30.180001,28.780005,29.52,101700,19.344851
2013-12-03,29.400001,30.040006,29.050006,29.110004,362000,19.076175
2013-12-02,30.640005,30.919996,29.160001,29.389996,259800,19.259657
2013-11-29,30.880005,31.050001,30.580004,30.769996,58500,20.16399
2013-11-27,30.400005,30.910006,30.370005,30.580004,120800,20.039485
2013-11-26,28.990005,30.400005,27.709994,30.36,153000,19.82978
2013-11-25,29.329994,29.88,28.999995,29.040001,171300,18.967616
2013-11-22,29.099999,29.530005,28.759995,29.320006,144500,19.150503
2013-11-21,28.489995,29.040001,28.399996,29.01,118100,18.948021
2013-11-20,27.589994,28.309994,27.589994,28.270005,112200,18.46469
2013-11-19,27.400005,28.309994,27.259995,27.490005,147800,17.955229
2013-11-18,27.859995,28.26,27.300001,27.469995,107400,17.942159
2013-11-15,27.469995,28.349999,27.379995,27.790006,199100,18.151176
2013-11-14,27.049996,27.889996,26.849999,27.51,83700,17.968289
2013-11-13,26.740005,27.209999,26.650005,27.130005,89900,17.720093
2013-11-12,26.770005,27.150001,26.099999,26.989995,216600,17.628645
2013-11-11,26.069999,27.280005,26.059994,26.779996,309900,17.491483
2013-11-08,26.25,27.689999,25.999995,26.189999,185400,17.106124
2013-11-07,28.900005,28.900005,26.13,26.170006,206600,17.093065
2013-11-06,28.759995,29.059994,28.38,28.74,119700,18.771669
2013-11-05,27.24,28.840004,27.060001,28.62,140300,18.693291
2013-11-04,27.280005,27.48,27.079994,27.319994,144500,17.844185
2013-11-01,26.959994,27.310006,26.160001,27.100004,233000,17.700498
2013-10-31,27.169996,27.719999,26.989995,27.010005,135900,17.641715
2013-10-30,27.87,27.87,27.060001,27.340004,103500,17.857255
2013-10-29,27.550006,28.120005,27.39,27.769996,80700,18.138106
2013-10-28,28.669996,29.140005,27.319994,27.529996,111600,17.981349
2013-10-25,28.369995,28.949999,28.099995,28.74,91200,18.771669
2013-10-24,27.580004,28.420006,27.48,28.240005,81300,18.445095
2013-10-23,27.100004,27.660001,26.52,27.580004,71700,18.014012
2013-10-22,27.250005,27.400005,27.040006,27.289996,150300,17.824592
2013-10-21,27.280005,27.420001,27.109995,27.160006,95300,17.739688
2013-10-18,27.409996,27.409996,26.710004,27.250005,138200,17.798472
2013-10-17,26.629995,27.36,26.52,27.24,158100,17.791937
2013-10-16,27.199994,27.340004,26.459999,26.689994,135500,17.432698
2013-10-15,26.809994,27.190006,26.449994,27.010005,84200,17.641715
2013-10-14,26.52,27.100004,26.089994,26.849999,85700,17.537206
2013-10-11,25.660006,26.819999,25.600004,26.73,100100,17.458828
2013-10-10,25.86,26.25,25.489995,25.650001,78800,16.753421
2013-10-09,24.889996,25.709999,24.760005,25.459994,97500,16.629318
2013-10-08,25.720004,25.939994,24.810001,24.87,152700,16.24396
2013-10-07,26.280001,26.749995,25.680001,25.720004,128100,16.799144
2013-10-04,26.269996,26.770005,25.729995,26.539996,43200,17.334726
2013-10-03,26.650005,26.779996,25.819994,26.339999,99800,17.204097
2013-10-02,27.63,27.730004,26.650005,26.779996,121800,17.491483
2013-10-01,26.620005,28.009995,26.620005,27.880005,183000,18.209959
2013-09-30,26.599995,26.980004,26.209994,26.560006,398000,17.347796
2013-09-27,26.329994,26.939999,26.230004,26.860004,133500,17.543741
2013-09-26,26.569994,26.650005,25.990005,26.550001,71300,17.341261
2013-09-25,26.239995,26.64,26.01,26.430001,60800,17.262882
2013-09-24,26.119995,26.790001,25.930006,26.25,112800,17.145314
2013-09-23,26.430001,26.430001,25.849995,26.149996,107700,17.079996
2013-09-20,25.98,26.809994,25.98,26.440006,306300,17.269417
2013-09-19,25.660006,26.080004,25.489995,25.969995,60000,16.962427
2013-09-18,25.240005,25.960004,25.000005,25.650001,124400,16.753421
2013-09-17,24.829994,25.330004,24.610004,25.270005,118500,16.505225
2013-09-16,25.450004,25.450004,24.760005,24.829994,63300,16.21783
2013-09-13,25.14,25.369995,24.820006,25.14,57900,16.420312
2013-09-12,25.199999,25.519996,25.02,25.039996,63200,16.354994
2013-09-11,25.399996,25.530001,24.99,25.159996,83100,16.433372
2013-09-10,25.249995,25.729995,25.199999,25.410001,177900,16.596664
2013-09-09,24.799996,25.330004,24.799996,25.219995,137400,16.472561
2013-09-06,24.420001,24.769996,23.849999,24.640005,148100,16.093738
2013-09-05,24.449999,24.640005,24.289996,24.379995,76200,15.923911
2013-09-04,24.319994,24.499995,24.049996,24.400005,634100,15.936981
2013-09-03,23.849999,24.63,23.849999,24.259995,219600,15.845533
2013-08-30,23.860004,23.969999,23.140005,23.320005,113400,15.231573
2013-08-29,23.560005,24.030001,23.350006,23.950005,73200,15.643061
2013-08-28,23.31,23.849999,23.31,23.58,113900,15.401391
2013-08-27,24.180001,24.340004,23.25,23.400001,74600,15.283823
2013-08-26,24.599999,25.11,24.329999,24.439994,119600,15.9631
2013-08-23,24.850004,25.060006,24.259995,24.550006,80400,16.034954
2013-08-22,24.280005,25.090004,23.94,24.859995,102300,16.237425
2013-08-21,24.199994,24.540001,23.94,24.169996,142700,15.786749
2013-08-20,24.109995,24.559994,24.00,24.259995,99000,15.845533
2013-08-19,24.460004,24.769996,24.070006,24.139996,125100,15.767154
2013-08-16,24.679994,25.180006,24.529996,24.580004,196800,16.054548
2013-08-15,25.23,25.390005,24.660001,24.790006,132200,16.191711
2013-08-14,25.300006,25.709999,25.11,25.530001,127800,16.675043
2013-08-13,25.420006,25.789996,25.030005,25.369995,116000,16.570534
2013-08-12,24.420001,25.510005,24.400005,25.420006,203100,16.603199
2013-08-09,24.00,24.799996,23.82,24.559994,214700,16.041478
2013-08-08,23.290006,24.049996,22.95,24.019996,287400,15.688776
2013-08-07,22.999995,23.280001,22.95,23.200005,128400,15.153195
2013-08-06,23.170004,23.200005,22.98,22.999995,304800,15.022558
2013-08-05,22.92,23.209994,22.549995,23.170004,90300,15.1336
2013-08-02,22.450005,22.98,22.450005,22.89,235800,14.950714
2013-08-01,21.719999,22.650001,21.539999,22.510005,353700,14.702518
2013-07-31,21.499995,21.859995,21.45,21.57,318800,14.088549
2013-07-30,22.360004,22.519996,21.310005,21.409995,362900,13.984041
2013-07-29,22.92,22.990005,22.26,22.279994,89600,14.552286
2013-07-26,22.930005,23.089994,22.780005,22.930005,105900,14.976843
2013-07-25,21.48,23.350006,21.48,23.200005,198200,15.153195
2013-07-24,23.230004,23.230004,22.840005,22.900005,116900,14.957249
2013-07-23,23.509995,23.539995,23.149994,23.170004,100800,15.1336
2013-07-22,23.710005,23.770005,23.25,23.49,174500,15.342606
2013-07-19,23.989995,24.010005,23.659995,23.770005,127100,15.525493
2013-07-18,23.980004,24.160006,23.64,23.980004,214500,15.662655
2013-07-17,25.459994,25.74,23.789999,23.989995,361500,15.669181
2013-07-16,25.560001,25.579994,25.14,25.23,249300,16.479096
2013-07-15,25.800001,26.910001,25.589999,25.609995,380300,16.727291
2013-07-12,24.589994,25.840004,24.520005,25.639996,144500,16.746886
2013-07-11,24.820006,24.959999,24.499995,24.689999,184400,16.126391
2013-07-10,24.619995,24.660001,24.130005,24.469995,160800,15.982695
2013-07-09,23.76,24.820006,23.58,24.760005,169100,16.172116
2013-07-08,24.00,24.460004,23.620005,23.710005,223700,15.486304
2013-07-05,23.119995,23.82,22.780005,23.82,115200,15.558148
2013-07-03,22.62,22.900005,22.26,22.609995,121200,14.767827
2013-07-02,33.93,34.390012,33.66,33.979994,122100,14.796131
2013-07-01,33.349995,34.150005,33.070004,33.979994,140100,14.796131
2013-06-28,33.109988,33.779994,31.999996,33.079995,438800,14.404239
2013-06-27,32.440005,33.500003,32.269996,33.279998,145500,14.491327
2013-06-26,32.609993,32.890004,32.069993,32.159993,77400,14.003636
2013-06-25,32.309999,32.629995,31.95,32.449996,108000,14.129914
2013-06-24,31.169992,32.240002,30.280005,31.920008,159500,13.899138
2013-06-21,32.089996,32.449996,30.660007,31.560009,398900,13.742381
2013-06-20,32.129999,32.579999,31.50,32.150002,243600,13.999286
2013-06-19,33.050004,33.230003,32.629995,32.640007,92400,14.212652
2013-06-18,32.379998,33.259995,32.179996,32.950013,106400,14.34764
2013-06-17,32.559998,32.929986,32.080005,32.230011,83700,14.034125
2013-06-14,32.629995,32.839987,32.179996,32.280008,173700,14.055895
2013-06-13,31.939987,33.000007,31.77,32.590013,163800,14.190883
2013-06-12,31.59,32.129999,31.189995,32.019997,135500,13.942677
2013-06-11,31.369994,31.810005,31.000004,31.439991,121100,13.690121
2013-06-10,31.849988,32.710005,31.439991,31.669988,179100,13.746721
2013-06-07,32.609993,33.040013,31.780012,31.830008,203000,13.816179
2013-06-06,31.14,32.659987,31.14,32.500013,212400,14.107003
2013-06-05,32.050012,32.629995,31.14,31.240012,189600,13.560085
2013-06-04,32.219999,32.670001,31.939987,32.179996,869600,13.968096
2013-06-03,32.719995,33.109988,31.240012,32.289999,517100,14.015844
2013-05-31,33.210001,33.619994,33.000007,33.239992,165800,14.428199
2013-05-30,34.20,34.20,33.310013,33.500003,127800,14.54106
2013-05-29,34.400002,35.059995,33.84,33.990008,120800,14.753752
2013-05-28,34.210012,36.090002,34.150005,34.679993,272700,15.053248
2013-05-24,32.890004,33.700006,32.590013,33.469988,222300,14.528031
2013-05-23,32.899995,33.689991,32.890004,33.040013,254900,14.341396
2013-05-22,32.640007,33.610006,32.640007,33.220013,144000,14.419527
2013-05-21,32.269996,32.919998,32.249993,32.510002,93800,14.111338
2013-05-20,31.690012,32.330002,31.529994,32.159993,135500,13.959413
2013-05-17,31.060013,31.939987,30.989992,31.889993,143700,13.842217
2013-05-16,30.710001,31.279994,30.530002,31.000004,113900,13.455907
2013-05-15,30.160013,30.949988,30.070014,30.710001,78500,13.330028
2013-05-14,29.859997,30.190005,29.650005,30.179993,79200,13.099971
2013-05-13,30.100005,30.100005,29.490008,29.720002,34200,12.900307
2013-05-10,30.430013,30.660007,30.010005,30.049987,185400,13.043541
2013-05-09,28.410007,30.420001,28.399995,30.070014,276500,13.052234
2013-05-08,28.579995,28.789988,28.300004,28.509998,118400,12.375091
2013-05-07,28.219995,28.759995,28.059998,28.570004,83900,12.401137
2013-05-06,28.309995,28.309995,27.949996,28.159987,87900,12.223165
2013-05-03,27.889987,28.900012,27.889987,28.489995,98600,12.366408
2013-05-02,27.490005,27.550012,27.400005,27.479993,81000,11.928006
2013-05-01,28.379992,28.540013,27.110003,27.290003,220200,11.845538
2013-04-30,28.159987,28.480004,27.969998,28.410007,133400,12.331689
2013-04-29,28.320007,28.599998,28.100002,28.190002,76700,12.236193
2013-04-26,28.410007,28.519989,27.960008,28.260001,184100,12.266577
2013-04-25,28.129995,28.480004,27.870008,28.469992,194400,12.357726
2013-04-24,28.190002,28.309995,27.699996,28.140007,103700,12.214492
2013-04-23,27.420008,28.309995,27.380002,28.129995,87300,12.210147
2013-04-22,27.400005,27.400005,26.880007,27.299993,184200,11.849875
2013-04-19,27.040006,27.580005,26.979997,27.36,159900,11.875921
2013-04-18,27.400005,27.670005,26.970006,27.060009,108900,11.745706
2013-04-17,27.580005,27.760005,27.119993,27.400005,220200,11.893286
2013-04-16,27.499996,27.859996,27.400005,27.730011,150800,12.036529
2013-04-15,27.979987,28.170001,27.00,27.27,279600,11.836856
2013-04-12,27.679996,28.159987,27.589996,28.050008,146900,12.175427
2013-04-11,27.899999,28.090013,27.719999,27.879998,117200,12.101632
2013-04-10,27.200003,28.050008,27.049994,27.879998,167400,12.101632
2013-04-09,27.45,27.45,27.040006,27.040006,180000,11.737024
2013-04-08,27.200003,27.370012,26.880007,27.310005,126600,11.85422
2013-04-05,27.00,27.240008,26.899988,27.159997,149600,11.789108
2013-04-04,27.100012,27.330008,27.010012,27.319994,116700,11.858556
2013-04-03,26.669992,27.290003,26.669992,26.979997,378500,11.710977
2013-04-02,27.600008,27.709987,26.500004,26.779994,188700,11.624163
2013-04-01,27.499996,27.859996,27.259988,27.400005,162900,11.893286
2013-03-28,27.560002,28.260001,27.280012,27.589996,274200,11.975754
2013-03-27,27.130006,27.670005,26.959994,27.45,131900,11.914987
2013-03-26,27.490005,27.719999,27.020003,27.200003,159900,11.806473
2013-03-25,27.499996,27.899999,27.169988,27.27,169200,11.836856
2013-03-22,27.169988,27.470002,27.079988,27.259988,66200,11.83251
2013-03-21,27.069997,27.510008,26.939991,27.139994,231500,11.780425
2013-03-20,26.269989,27.259988,26.230004,27.150008,370500,11.784772
2013-03-19,26.250007,26.349998,26.190001,26.250007,159000,11.394116
2013-03-18,26.140004,26.419995,26.129992,26.269989,264800,11.402789
2013-03-15,26.100001,26.430007,25.999987,26.140004,298400,11.346368
2013-03-14,25.490002,26.200013,24.57,26.110013,553200,11.33335
2013-03-13,24.93,25.649999,24.919988,25.499993,131900,11.068564
2013-03-12,25.099988,25.150005,24.680003,24.819997,156300,10.773404
2013-03-11,24.93,25.20,24.860003,25.080008,131900,10.886265
2013-03-08,25.20,25.339996,24.950003,25.040003,178800,10.8689
2013-03-07,24.760012,24.959993,24.509992,24.909997,139100,10.812469
2013-03-06,24.75,24.75,24.430006,24.639997,87900,10.695273
2013-03-05,24.369998,24.869993,24.279998,24.639997,118500,10.695273
2013-03-04,24.000007,24.360007,23.789992,24.289988,137400,10.543347
2013-03-01,23.960001,24.540007,23.879992,24.450007,80300,10.612805
2013-02-28,24.210001,24.590003,23.960001,24.059992,220100,10.443515
2013-02-27,23.899995,24.639997,23.749987,24.310013,137400,10.552039
2013-02-26,23.969992,24.520006,23.839987,24.090007,278700,10.456543
2013-02-25,24.410003,24.469988,23.860013,23.879992,292500,10.365384
2013-02-22,24.050004,24.520006,23.839987,24.320003,120300,10.556376
2013-02-21,23.719995,24.019989,23.719995,23.899995,157500,10.374066
2013-02-20,24.199988,24.450007,23.739998,23.770013,233300,10.317646
2013-02-19,23.899995,24.270007,23.879992,24.220013,242600,10.512974
2013-02-15,24.019989,24.019989,23.730007,23.800004,162500,10.330664
2013-02-14,23.879992,23.989995,23.550008,23.960001,90000,10.400113
2013-02-13,23.969992,24.000007,23.730007,23.989995,101300,10.413132
2013-02-12,23.699992,23.969992,23.649998,23.890004,125600,10.36973
2013-02-11,23.780002,23.929986,23.449996,23.730007,172800,10.300281
2013-02-08,23.690002,23.910007,23.420002,23.719995,64800,10.295935
2013-02-07,23.699992,23.969992,23.359996,23.609993,133400,10.248188
2013-02-06,23.109997,23.730007,23.109997,23.730007,352400,10.300281
2013-02-05,23.080005,23.399999,23.080005,23.280008,100400,10.104954
2013-02-04,22.999996,23.179996,22.749997,22.999996,159900,9.983412
2013-02-01,22.909996,23.129999,22.799993,23.109997,112500,10.031159
2013-01-31,22.549994,22.810005,22.510012,22.740008,203900,9.870561
2013-01-30,22.749997,22.749997,22.450006,22.560009,95900,9.79243
2013-01-29,22.540006,22.849988,22.50,22.819994,198600,9.90528
2013-01-28,22.569997,22.819994,22.41,22.529994,132000,9.779402
2013-01-25,23.209987,23.240002,22.510012,22.59,200300,9.805448
2013-01-24,22.430003,23.330002,22.330012,23.140012,178700,10.044187
2013-01-23,22.749997,22.780012,22.330012,22.459994,79700,9.749018
2013-01-22,22.720006,22.790003,22.380007,22.77,151400,9.883579
2013-01-18,22.150012,22.619993,22.099995,22.529994,143300,9.779402
2013-01-17,21.980003,22.259992,21.949988,22.23,70400,9.649186
2013-01-16,22.209997,22.279994,21.849998,21.939998,71700,9.523307
2013-01-15,22.50,22.749997,22.209997,22.309988,75200,9.683906
2013-01-14,22.219988,22.639994,22.05,22.619993,356000,9.818467
2013-01-11,22.060013,22.32,22.020007,22.209997,99200,9.640504
2013-01-10,21.870001,22.090004,21.550004,22.020007,134600,9.558036
2013-01-09,21.559995,21.840007,21.559995,21.719992,93300,9.427811
2013-01-08,21.550004,21.690001,21.199996,21.559995,103200,9.358363
2013-01-07,21.610013,21.800004,21.460005,21.510001,132000,9.336662
2013-01-04,21.739995,21.820004,21.480007,21.750007,141300,9.44084
2013-01-03,21.250013,21.930007,21.109996,21.640004,344700,9.393092
2013-01-02,21.390007,21.600001,21.010005,21.269993,501000,9.232484
2012-12-31,20.290006,20.949996,20.170012,20.869987,160800,9.058857
2012-12-28,19.759995,20.52,19.680007,20.290006,368300,8.807109
2012-12-27,20.110006,20.260012,19.660004,19.840004,176000,8.611781
2012-12-26,20.180003,20.200006,19.939995,20.040007,191900,8.698594
2012-12-24,20.220006,20.220006,19.789988,20.080012,168800,8.715959
2012-12-21,20.000003,20.25,19.969988,20.149988,870800,8.746333
2012-12-20,20.299994,20.380006,20.029994,20.209994,398900,8.772379
2012-12-19,20.509988,20.890012,20.149988,20.299994,840600,8.811445
2012-12-18,20.569994,20.720002,20.470006,20.560005,172500,8.924306
2012-12-17,20.509988,20.749996,20.459993,20.61,230600,8.946006
2012-12-14,20.270003,20.589997,20.180003,20.450003,68900,8.876558
2012-12-13,20.440012,20.659996,20.310009,20.389994,163400,8.85051
2012-12-12,20.830005,20.959987,20.34,20.479994,186500,8.889576
2012-12-11,20.869987,20.990002,20.679997,20.839996,155700,9.045839
2012-12-10,20.959987,20.959987,20.409997,20.659996,142700,8.967708
2012-12-07,21.210008,21.469995,20.800012,20.909993,76700,9.076222
2012-12-06,21.059999,21.409987,20.620012,21.080002,137700,9.150016
2012-12-05,21.100005,21.499987,21.030008,21.120008,234500,9.167381
2012-12-04,21.499987,21.719992,20.900002,21.149999,483800,9.180399
2012-12-03,21.750007,22.41,21.149999,21.350002,243200,9.267213
2012-11-30,21.499987,21.649995,20.900002,21.049987,173300,9.136988
2012-11-29,21.280005,21.790013,21.250013,21.399998,483300,9.288914
2012-11-28,20.959987,21.440002,20.639993,21.340013,246200,9.158699
2012-11-27,20.530012,21.039999,20.530012,20.999993,212400,9.012769
2012-11-26,20.279994,20.639993,20.220006,20.61,83000,8.845392
2012-11-23,20.389994,20.560005,20.189991,20.409997,25800,8.759555
2012-11-21,20.220006,20.369993,19.98,20.310009,57200,8.716642
2012-11-20,19.450013,20.380006,19.300004,20.200006,258300,8.669431
2012-11-19,19.309995,19.789988,18.910013,19.559992,151400,8.39475
2012-11-16,18.809999,19.289992,18.529987,19.129995,258800,8.210204
2012-11-15,19.010002,19.900012,18.799987,18.920002,171500,8.120079
2012-11-14,19.460001,19.460001,19.030005,19.039995,78900,8.171578
2012-11-13,19.489995,19.559992,19.219995,19.370002,73400,8.31321
2012-11-12,19.100002,20.319997,19.100002,19.300004,138800,8.283169
2012-11-09,19.570004,20.07,19.010002,19.079999,135200,8.188747
2012-11-08,20.029994,20.499997,19.579995,19.730003,249000,8.467715
2012-11-07,20.369993,20.479994,19.779998,19.930006,134600,8.553552
2012-11-06,20.599988,21.039999,20.530012,20.679997,104600,8.875433
2012-11-05,20.290006,20.990002,20.290006,20.569994,55400,8.828222
2012-11-02,21.049987,21.049987,20.350012,20.350012,57200,8.73381
2012-11-01,20.940008,21.049987,20.789999,21.010005,95000,9.017066
2012-10-31,20.659996,21.309998,20.499997,20.980011,167100,9.004193
2012-10-26,20.299994,20.749996,20.180003,20.729993,57300,8.89689
2012-10-25,20.350012,20.509988,19.959997,20.239988,54900,8.68659
2012-10-24,20.43,20.499997,19.939995,20.220006,51800,8.678015
2012-10-23,19.770007,20.479994,19.720013,20.389994,99600,8.75097
2012-10-22,19.649992,20.029994,19.649992,19.959997,74300,8.566424
2012-10-19,19.320007,19.759995,19.210005,19.680007,114500,8.446258
2012-10-18,19.489995,19.789988,19.419998,19.530001,75800,8.381878
2012-10-17,19.339987,19.80,19.149998,19.469992,107700,8.356124
2012-10-16,19.039995,19.469992,18.780008,19.360013,236000,8.308923
2012-10-15,18.499996,18.899999,18.339997,18.859996,171600,8.094326
2012-10-12,18.850005,18.989999,18.349988,18.439987,92300,7.914067
2012-10-11,19.339987,19.339987,18.749993,18.789999,68100,8.064284
2012-10-10,19.000013,19.270013,18.960008,19.120005,52200,8.205916
2012-10-09,19.530001,19.530001,18.920002,18.960008,132800,8.137249
2012-10-08,19.500007,19.869998,19.500007,19.559992,16800,8.39475
2012-10-05,19.300004,19.969988,19.280002,19.669995,129200,8.441961
2012-10-04,19.419998,19.460001,18.969998,19.289992,56000,8.278871
2012-10-03,19.260001,19.489995,19.000013,19.399995,128000,8.326082
2012-10-02,19.530001,19.669995,19.129995,19.289992,74300,8.278871
2012-10-01,19.879988,20.000003,19.260001,19.480004,67100,8.360421
2012-09-28,19.840004,19.950007,19.630013,19.689998,136400,8.450546
2012-09-27,19.710001,20.000003,19.440001,19.939995,162500,8.557839
2012-09-26,19.710001,19.990012,19.460001,19.530001,144200,8.381878
2012-09-25,20.400008,20.400008,19.440001,19.599998,169400,8.41192
2012-09-24,19.930006,20.34,19.860007,20.270003,200300,8.699472
2012-09-21,20.000003,20.119994,19.339987,20.000003,254400,8.583594
2012-09-20,20.059988,20.059988,19.680007,19.720013,63600,8.463427
2012-09-19,20.509988,20.589997,19.990012,20.25,104000,8.690887
2012-09-18,19.869998,20.459993,19.840004,20.419988,119400,8.763842
2012-09-17,20.270003,20.34,19.829992,19.959997,77900,8.566424
2012-09-14,19.530001,20.499997,19.289992,20.450003,201300,8.776724
2012-09-13,18.740002,19.489995,18.429997,19.390004,171600,8.321795
2012-09-12,19.059998,19.059998,18.569993,18.740002,65400,8.042827
2012-09-11,18.929993,19.199992,18.780008,19.100002,67700,8.197331
2012-09-10,19.000013,19.180013,18.760005,18.960008,93600,8.137249
2012-09-07,18.940005,19.069987,18.670005,18.960008,79700,8.137249
2012-09-06,18.550012,18.940005,18.339997,18.830002,135600,8.081453
2012-09-05,18.330008,18.589996,18.130006,18.370012,147800,7.884035
2012-09-04,18.370012,18.460012,17.930003,18.409996,50600,7.901195
2012-08-31,18.460012,18.490005,18.299993,18.400005,65000,7.896907
2012-08-30,18.310005,18.389993,18.27,18.299993,28500,7.853984
2012-08-29,18.409996,18.569993,18.049994,18.45,60500,7.918364
2012-08-28,18.299993,18.409996,18.229994,18.330008,104600,7.866866
2012-08-27,18.150008,18.499996,18.020003,18.249997,90200,7.832527
2012-08-24,18.290003,18.310005,17.979997,18.09,53300,7.763859
2012-08-23,18.889987,18.889987,18.130006,18.299993,142400,7.853984
2012-08-22,19.489995,19.489995,18.949996,18.969998,108500,8.141537
2012-08-21,19.419998,19.789988,19.199992,19.579995,137700,8.403335
2012-08-20,19.289992,19.329998,18.940005,19.270013,110900,8.270297
2012-08-17,19.280002,19.399995,19.230007,19.230007,130200,8.253127
2012-08-16,18.899999,19.450013,18.709987,19.360013,74900,8.308923
2012-08-15,18.769996,19.010002,18.659993,18.859996,103100,8.094326
2012-08-14,19.109993,19.339987,18.709987,18.769996,131400,8.0557
2012-08-13,19.390004,19.390004,18.629999,18.929993,62600,8.124367
2012-08-10,19.559992,19.649992,19.410007,19.460001,54000,8.351836
2012-08-09,19.849995,19.869998,19.399995,19.559992,126200,8.39475
2012-08-08,19.579995,20.090003,19.429986,19.750004,190500,8.476299
2012-08-07,19.000013,19.000013,18.499996,18.789999,83900,8.064284
2012-08-06,18.809999,19.120005,18.740002,18.799987,102800,8.068571
2012-08-03,18.519997,18.929993,18.36,18.699996,97200,8.025657
2012-08-02,17.660002,18.310005,17.55,18.169988,147800,7.798188
2012-08-01,18.479993,18.619987,17.779994,17.779994,203900,7.630811
2012-07-31,18.580005,18.969998,18.209993,18.27,85100,7.841111
2012-07-30,18.910013,18.969998,18.539999,18.640012,61700,7.999913
2012-07-27,18.339997,18.920002,18.330008,18.809999,123000,8.072868
2012-07-26,18.470002,18.539999,18.119993,18.299993,41900,7.853984
2012-07-25,18.730011,18.879998,18.029994,18.169988,87800,7.798188
2012-07-24,19.410007,19.739992,18.400005,18.550012,83900,7.961287
2012-07-23,19.419998,19.779998,19.370002,19.370002,105300,8.31321
2012-07-20,19.950007,20.119994,19.699988,19.770007,100100,8.484884
2012-07-19,20.729993,20.800012,20.200006,20.220006,63500,8.678015
2012-07-18,20.299994,20.810002,20.209994,20.689987,50900,8.879721
2012-07-17,20.299994,20.499997,19.910003,20.299994,44700,8.712344
2012-07-16,20.450003,20.589997,20.149988,20.200006,53100,8.669431
2012-07-13,19.900012,20.689987,19.900012,20.599988,63500,8.841095
2012-07-12,19.80,20.020006,19.620001,19.89,59600,8.536383
2012-07-11,19.759995,20.119994,19.630013,20.049997,74400,8.60505
2012-07-10,20.200006,20.260012,19.710001,19.759995,56000,8.480587
2012-07-09,20.000003,20.139997,19.730003,19.990012,107700,8.579306
2012-07-06,19.429986,20.180003,19.429986,20.139997,87900,8.643676
2012-07-05,18.690008,19.789988,18.690008,19.720013,66600,8.463427
2012-07-03,19.039995,19.300004,18.949996,19.219995,120300,8.24883
2012-07-02,18.969998,19.050008,18.659993,19.039995,372300,8.171578
2012-06-29,18.690008,19.059998,18.640012,18.850005,192600,8.090038
2012-06-28,18.259988,18.510008,18.00,18.209993,151700,7.815358
2012-06-27,18.569993,18.799987,18.240008,18.479993,275100,7.931236
2012-06-26,18.749993,18.870008,18.429997,18.589996,150500,7.978447
2012-06-25,18.629999,18.960008,18.580005,18.780008,68900,8.059997
2012-06-22,19.079999,19.109993,18.830002,18.920002,151700,8.120079
2012-06-21,19.80,19.849995,18.740002,18.889987,183600,8.107197
2012-06-20,20.07,20.07,19.710001,19.810013,48800,8.502054
2012-06-19,19.910003,20.149988,19.649992,20.020006,167600,8.592178
2012-06-18,20.000003,20.329988,19.770007,19.840004,92000,8.514925
2012-06-15,19.500007,20.350012,19.500007,20.229997,220500,8.682302
2012-06-14,18.979987,19.570004,18.940005,19.540013,65700,8.386175
2012-06-13,19.399995,19.399995,18.830002,19.010002,92400,8.158705
2012-06-12,19.309995,19.609988,18.879998,19.450013,103200,8.347549
2012-06-11,20.000003,20.000003,19.170001,19.249987,111200,8.261702
2012-06-08,19.309995,19.910003,19.149998,19.779998,83000,8.489172
2012-06-07,19.460001,19.609988,19.050008,19.370002,120800,8.31321
2012-06-06,18.560002,19.320007,18.510008,19.280002,116700,8.223086
2012-06-05,18.409996,18.640012,18.349988,18.45,114800,7.869083
2012-06-04,18.319994,18.629999,18.150008,18.580005,96000,7.924531
2012-06-01,18.229994,18.510008,18.169988,18.229994,173900,7.775248
2012-05-31,19.030005,19.030005,18.529987,18.740002,187800,7.992771
2012-05-30,19.050008,19.270013,18.709987,19.030005,95400,8.11646
2012-05-29,19.500007,19.630013,19.180013,19.280002,166500,8.223086
2012-05-25,18.989999,19.429986,18.719999,19.429986,114800,8.287056
2012-05-24,19.030005,19.100002,18.659993,18.960008,101000,8.086606
2012-05-23,18.709987,19.090013,18.470002,19.069987,137300,8.133513
2012-05-22,19.379992,19.469992,18.820014,19.000013,234000,8.103668
2012-05-21,19.129995,19.390004,18.839993,19.339987,208800,8.24867
2012-05-18,18.929993,19.280002,18.769996,19.010002,170600,8.107929
2012-05-17,19.170001,19.410007,18.830002,18.979987,122900,8.095127
2012-05-16,19.500007,19.609988,19.019993,19.059998,113400,8.129252
2012-05-15,18.920002,19.699988,18.899999,19.469992,281300,8.304118
2012-05-14,18.850005,19.230007,18.850005,19.069987,153900,8.133513
2012-05-11,19.109993,19.550004,19.000013,19.170001,79400,8.17617
2012-05-10,19.450013,19.559992,19.039995,19.379992,186800,8.265733
2012-05-09,19.079999,19.440001,18.989999,19.270013,200300,8.218826
2012-05-08,19.010002,19.559992,19.010002,19.440001,91800,8.291327
2012-05-07,19.210005,19.379992,19.100002,19.219995,63000,8.197492
2012-05-04,19.219995,19.410007,18.979987,19.249987,149100,8.210284
2012-05-03,20.239988,20.389994,19.079999,19.370002,180000,8.261471
2012-05-02,19.750004,20.369993,19.300004,20.220006,184700,8.624006
2012-05-01,20.400008,20.949996,19.860007,19.950007,130500,8.508849
2012-04-30,20.229997,20.990002,20.009992,20.400008,283500,8.700778
2012-04-27,19.950007,20.419988,19.599998,20.329988,70200,8.670914
2012-04-26,19.620001,20.020006,19.599998,19.829992,64800,8.457661
2012-04-25,19.739992,19.990012,19.440001,19.710001,77900,8.406484
2012-04-24,18.989999,19.429986,18.989999,19.379992,121200,8.265733
2012-04-23,19.019993,19.239998,18.749993,19.010002,140600,8.107929
2012-04-20,19.570004,19.640003,19.210005,19.469992,103500,8.304118
2012-04-19,19.360013,19.360013,18.830002,18.989999,103700,8.099397
2012-04-18,19.599998,19.599998,18.949996,19.289992,81000,8.227347
2012-04-17,19.810013,20.099992,19.660004,19.720013,87000,8.410754
2012-04-16,19.489995,20.049997,19.219995,19.559992,69900,8.342504
2012-04-13,19.289992,19.429986,19.140007,19.399995,162000,8.274264
2012-04-12,18.789999,19.379992,18.749993,19.329998,140400,8.24441
2012-04-11,18.749993,18.870008,18.45,18.850005,192200,8.039688
2012-04-10,18.960008,18.960008,18.290003,18.45,186000,7.869083
2012-04-09,19.249987,19.480004,18.820014,18.960008,191400,8.086606
2012-04-05,19.669995,19.840004,19.640003,19.770007,57600,8.432077
2012-04-04,19.710001,19.879988,19.370002,19.879988,107600,8.478985
2012-04-03,20.290006,20.290006,19.910003,20.040007,99000,8.547234
2012-04-02,20.07,20.879999,19.869998,20.389994,126900,8.696507
2012-03-30,20.650005,20.650005,20.049997,20.189991,106800,8.611204
2012-03-29,20.620012,20.679997,20.209994,20.43,99200,8.71357
2012-03-28,21.160013,21.300008,20.659996,20.800012,178200,8.871383
2012-03-27,21.350002,21.510001,21.100005,21.149999,96800,9.020656
2012-03-26,21.449992,21.849998,21.109996,21.379995,160400,9.118751
2012-03-23,20.279994,21.430013,20.110006,21.179993,126500,9.033448
2012-03-22,20.279994,20.490008,19.89,20.34,83900,8.675184
2012-03-21,20.220006,21.059999,20.209994,20.560005,98300,8.769018
2012-03-20,20.459993,20.639993,19.840004,20.110006,88200,8.57709
2012-03-19,20.290006,21.319987,20.130007,20.710012,133700,8.832997
2012-03-16,20.25,20.43,19.950007,20.270003,213500,8.64533
2012-03-15,19.789988,20.220006,19.620001,20.149988,165800,8.594142
2012-03-14,19.109993,20.000003,18.940005,19.80,157700,8.44487
2012-03-13,18.679996,19.199992,18.569993,19.109993,120600,8.150575
2012-03-12,18.550012,18.709987,18.349988,18.45,57200,7.869083
2012-03-09,18.110003,18.749993,17.950005,18.479993,81000,7.881875
2012-03-08,18.209993,18.27,17.840003,18.159997,82100,7.745394
2012-03-07,18.040006,18.130006,17.750002,18.079988,121500,7.71127
2012-03-06,18.259988,18.510008,17.860005,17.91,122900,7.638768
2012-03-05,17.950005,18.589996,17.930003,18.560002,107600,7.916
2012-03-02,18.479993,18.859996,17.950005,18.010012,159000,7.681424
2012-03-01,18.709987,19.050008,18.439987,18.499996,127500,7.890407
2012-02-29,19.260001,19.429986,18.510008,18.550012,104600,7.911739
2012-02-28,19.469992,19.759995,19.079999,19.170001,51300,8.17617
2012-02-27,19.360013,19.620001,19.059998,19.500007,50900,8.31692
2012-02-24,19.930006,20.059988,19.489995,19.500007,71100,8.31692
2012-02-23,19.030005,20.080012,18.940005,19.959997,159000,8.51311
2012-02-22,18.870008,19.010002,18.589996,19.000013,97200,8.103668
2012-02-21,19.280002,19.379992,18.830002,18.850005,65900,8.039688
2012-02-17,19.360013,19.360013,19.140007,19.230007,70200,8.201763
2012-02-16,18.339997,19.249987,18.339997,19.249987,101300,8.210284
2012-02-15,18.789999,19.419998,18.259988,18.349988,176600,7.826427
2012-02-14,19.149998,19.910003,18.490005,18.719999,243500,7.98424
2012-02-13,19.219995,19.489995,18.989999,19.300004,86600,8.231617
2012-02-10,19.559992,19.820003,18.920002,18.949996,113400,8.082335
2012-02-09,20.200006,20.34,19.570004,19.759995,116600,8.427807
2012-02-08,20.980011,21.010005,20.119994,20.189991,190400,8.611204
2012-02-07,21.430013,21.460005,20.929996,20.959987,108500,8.939614
2012-02-06,21.730004,21.840007,21.250013,21.430013,76100,9.140084
2012-02-03,22.039988,22.039988,21.759998,21.870001,153200,9.327742
2012-02-02,21.300008,21.939998,21.089993,21.539992,111300,9.186991
2012-02-01,20.450003,21.359993,20.270003,21.280005,199100,9.076104
2012-01-31,20.450003,20.450003,19.98,20.220006,89700,8.624006
2012-01-30,20.729993,20.900002,20.319997,20.350012,51500,8.679454
2012-01-27,20.220006,20.999993,20.200006,20.999993,81000,8.956677
2012-01-26,20.16,20.400008,20.009992,20.400008,84200,8.700778
2012-01-25,20.049997,20.440012,19.710001,20.290006,92000,8.653861
2012-01-24,19.609988,20.110006,19.360013,20.029994,105000,8.542964
2012-01-23,19.98,20.07,19.630013,19.820003,53600,8.453401
2012-01-20,19.939995,20.080012,19.249987,20.000003,73400,8.530173
2012-01-19,20.200006,20.200006,19.840004,19.959997,89100,8.51311
2012-01-18,19.860007,20.180003,19.450013,20.130007,86400,8.58562
2012-01-17,20.080012,20.319997,19.750004,19.869998,156600,8.474724
2012-01-13,19.950007,20.180003,19.669995,20.059988,135900,8.555757
2012-01-12,20.000003,20.319997,19.910003,20.270003,185100,8.64533
2012-01-11,20.149988,20.220006,19.919992,20.000003,178400,8.530173
2012-01-10,20.409997,20.659996,20.139997,20.290006,200000,8.653861
2012-01-09,20.189991,20.290006,19.820003,20.049997,191000,8.551495
2012-01-06,20.319997,20.540003,20.000003,20.099992,127100,8.572818
2012-01-05,20.229997,20.329988,19.739992,20.319997,159800,8.666653
2012-01-04,20.440012,21.210008,20.239988,20.440012,121500,8.71784
2012-01-03,21.160013,21.300008,20.490008,20.61,183600,8.790341
2011-12-30,20.710012,20.949996,20.440012,20.490008,135200,8.739164
2011-12-29,20.440012,20.859997,20.389994,20.749996,399800,8.850051
2011-12-28,21.460005,21.530002,20.34,20.409997,127400,8.705038
2011-12-27,22.079992,22.099995,21.399998,21.570007,207000,9.199793
2011-12-23,21.750007,22.150012,21.309998,21.730004,157500,9.268033
2011-12-22,22.23,22.259992,21.539992,21.610013,104400,9.216856
2011-12-21,21.550004,22.450006,20.990002,22.060013,184700,9.408784
2011-12-20,21.019996,21.669998,20.679997,21.550004,235100,9.191261
2011-12-19,21.350002,21.399998,20.400008,20.459993,166200,8.726362
2011-12-16,21.629992,22.029998,21.010005,21.149999,387500,9.020656
2011-12-15,21.170002,21.669998,20.819993,21.370005,138800,9.11449
2011-12-14,20.290006,20.929996,20.200006,20.749996,292700,8.850051
2011-12-13,21.350002,21.499987,20.389994,20.509988,125300,8.747685
2011-12-12,21.100005,21.379995,20.859997,21.170002,138800,9.029187
2011-12-09,20.679997,21.710001,20.679997,21.469995,221900,9.157137
2011-12-08,21.210008,21.329999,20.459993,20.52,153900,8.751956
2011-12-07,21.620002,21.899992,21.319987,21.489998,209700,9.165668
2011-12-06,21.790013,22.160003,20.999993,21.820004,137400,9.306419
2011-12-05,21.890003,22.160003,21.250013,21.790013,89100,9.293627
2011-12-02,21.399998,21.640004,21.239999,21.420001,92700,9.135814
2011-12-01,21.790013,22.150012,20.990002,21.010005,148200,8.960947
2011-11-30,21.070014,22.150012,20.149988,21.910004,289100,9.344804
2011-11-29,20.52,20.52,19.779998,19.969988,108200,8.517371
2011-11-28,19.840004,20.659996,19.579995,20.650005,155000,8.756226
2011-11-25,19.000013,19.170001,18.940005,19.000013,113100,8.056579
2011-11-23,19.630013,19.630013,18.349988,19.059998,197300,8.082015
2011-11-22,20.350012,20.440012,19.770007,19.789988,116300,8.391553
2011-11-21,20.689987,20.990002,20.290006,20.350012,78900,8.62902
2011-11-18,21.199996,21.370005,20.949996,21.120008,127500,8.955521
2011-11-17,21.039999,21.399998,19.879988,21.160013,162200,8.972485
2011-11-16,21.620002,22.489988,21.049987,21.109996,98300,8.951276
2011-11-15,21.319987,22.029998,21.319987,21.939998,124700,9.303222
2011-11-14,21.820004,22.150012,21.280005,21.469995,104000,9.103926
2011-11-11,21.930007,22.330012,20.470006,21.980003,250800,9.320185
2011-11-10,21.899992,21.970013,21.199996,21.660007,123500,9.184497
2011-11-09,22.060013,22.060013,21.520013,21.559995,218300,9.142089
2011-11-08,22.160003,22.870012,21.350002,22.669988,194900,9.612759
2011-11-07,21.660007,22.299997,21.160013,22.05,128700,9.349866
2011-11-04,21.949988,22.619993,21.239999,21.629992,109800,9.17177
2011-11-03,21.690001,22.369994,21.010005,22.279994,248400,9.44739
2011-11-02,20.299994,21.449992,20.299994,21.350002,195300,9.053045
2011-11-01,20.34,21.010005,19.840004,19.910003,158600,8.442443
2011-10-31,21.449992,22.079992,20.599988,21.170002,145400,8.97672
2011-10-28,22.669988,22.929997,21.660007,21.859988,195000,9.269295
2011-10-27,20.560005,22.979993,20.560005,22.799993,285300,9.667886
2011-10-26,19.379992,20.049997,18.730011,19.820003,113000,8.40428
2011-10-25,19.739992,19.80,19.030005,19.140007,127100,8.115941
2011-10-24,19.260001,19.990012,19.260001,19.939995,148500,8.45516
2011-10-21,19.170001,19.329998,18.830002,19.230007,119000,8.154104
2011-10-20,18.989999,19.019993,18.400005,18.839993,160800,7.988726
2011-10-19,19.759995,19.869998,18.929993,19.030005,127500,8.069297
2011-10-18,18.749993,19.879988,18.499996,19.759995,163400,8.378834
2011-10-17,19.140007,19.280002,18.690008,18.740002,170100,7.946327
2011-10-14,18.690008,19.480004,18.519997,19.390004,119300,8.221947
2011-10-13,18.589996,18.740002,18.09,18.550012,87500,7.865765
2011-10-12,17.809988,18.910013,17.709997,18.780008,135600,7.96329
2011-10-11,18.049994,18.220006,17.309992,17.680005,150500,7.496856
2011-10-10,17.560013,18.280012,17.179988,18.249997,281000,7.73855
2011-10-07,18.119993,18.240008,17.169998,17.320005,284400,7.344205
2011-10-06,16.710008,18.100012,16.710008,18.079988,164300,7.666461
2011-10-05,16.710008,17.239995,14.879992,16.819988,158000,7.132183
2011-10-04,14.989995,16.850003,14.640007,16.780005,180500,7.115229
2011-10-03,15.559988,16.339995,15.12,15.130013,208500,6.415582
2011-09-30,16.150005,16.440008,15.700005,15.75,136400,6.678476
2011-09-29,16.179998,16.549987,15.760012,16.350008,80600,6.932897
2011-09-28,16.890007,17.179988,15.829988,15.829988,106800,6.712393
2011-09-27,16.999988,17.869995,16.300013,17.089988,140000,7.246671
2011-09-26,16.150005,16.729988,15.889995,16.670002,114000,7.068584
2011-09-23,15.079995,16.289999,15.079995,15.970006,181400,6.771765
2011-09-22,15.079995,15.93,14.910007,15.079995,215600,6.394373
2011-09-21,15.869992,16.120013,15.439995,15.500002,171000,6.572469
2011-09-20,16.589993,16.940003,15.880005,15.900007,139100,6.742083
2011-09-19,17.110013,17.110013,16.300013,16.660012,89100,7.064348
2011-09-16,17.700008,18.760005,17.259998,17.349998,497300,7.356923
2011-09-15,16.780005,17.610008,16.359998,17.520008,174200,7.429012
2011-09-14,16.710008,16.999988,16.279987,16.620008,118100,7.047385
2011-09-13,16.229992,16.609995,15.93,16.519995,89300,7.004977
2011-09-12,15.580012,16.189987,15.580012,16.130002,108900,6.839608
2011-09-09,16.480013,17.169998,15.520005,15.779992,155700,6.691193
2011-09-08,17.10,17.250007,16.570012,16.660012,95600,7.064348
2011-09-07,16.20,17.01,16.20,16.930012,170600,7.178836
2011-09-06,15.57,16.210013,15.549997,16.150005,165300,6.84809
2011-09-02,16.679993,17.179988,15.999998,16.02,162900,6.792964
2011-09-01,17.460001,17.740012,16.819988,17.089988,197100,7.246671
2011-08-31,17.529998,17.779994,17.230005,17.509995,180500,7.424767
2011-08-30,17.259998,17.599995,16.719997,17.500005,88700,7.420531
2011-08-29,16.710008,17.390002,16.359998,17.349998,118800,7.356923
2011-08-26,15.760012,16.400002,15.700005,16.220002,136800,6.877771
2011-08-25,16.409993,16.710008,15.850012,15.900007,120800,6.742083
2011-08-24,16.009988,16.83,15.919988,16.74,164700,7.098266
2011-08-23,15.900007,16.289999,15.540008,16.229992,328200,6.882007
2011-08-22,16.409993,16.840012,15.810007,15.900007,275000,6.742083
2011-08-19,16.189987,16.729988,15.93,15.990007,264300,6.780246
2011-08-18,17.950005,18.060009,16.499993,16.519995,474000,7.004977
2011-08-17,19.120005,19.410007,18.229994,18.249997,227900,7.73855
2011-08-16,19.180013,19.509998,19.000013,19.050008,200000,8.077778
2011-08-15,19.079999,19.579995,19.079999,19.460001,152700,8.251628
2011-08-12,19.869998,19.930006,19.019993,19.120005,111300,8.107459
2011-08-11,18.690008,20.260012,18.409996,19.789988,261600,8.391553
2011-08-10,19.010002,19.820003,18.380002,18.499996,266400,7.844557
2011-08-09,19.720013,19.869998,18.049994,19.530001,321500,8.28131
2011-08-08,19.030005,19.669995,18.159997,19.140007,523100,8.115941
2011-08-05,18.749993,20.260012,17.950005,19.190002,363300,8.13714
2011-08-04,22.150012,22.150012,18.150008,18.409996,417200,7.806394
2011-08-03,22.209997,22.900005,21.980003,22.540006,209700,9.557643
2011-08-02,22.650008,22.929997,22.099995,22.129988,148200,9.383783
2011-08-01,22.909996,22.999996,22.369994,22.830008,121500,9.680613
2011-07-29,21.859988,22.830008,21.769989,22.68,118400,9.617005
2011-07-28,21.970013,23.699992,21.329999,22.070003,101400,9.358348
2011-07-27,22.309988,22.86,21.960001,22.029998,129300,9.341384
2011-07-26,23.219999,23.299987,22.600012,22.669988,93600,9.612759
2011-07-25,23.399999,23.890004,23.209987,23.249993,84300,9.858699
2011-07-22,23.760001,24.000007,23.469998,23.699992,72000,10.049512
2011-07-21,23.800004,24.230003,23.089996,23.839987,77400,10.108874
2011-07-20,23.780002,23.839987,23.029987,23.730007,51500,10.06224
2011-07-19,23.399999,23.820007,22.95,23.739998,93800,10.066476
2011-07-18,23.449996,23.539995,22.990005,23.179996,90900,9.829018
2011-07-15,23.500013,23.719995,23.190008,23.420002,87800,9.930788
2011-07-14,23.710005,23.969992,23.399999,23.460008,144200,9.947752
2011-07-13,22.889993,23.789992,22.889993,23.710005,186800,10.053758
2011-07-12,22.489988,22.929997,22.489988,22.700003,99200,9.625487
2011-07-11,22.77,22.77,22.299997,22.450006,137300,9.51948
2011-07-08,22.909996,23.190008,22.810005,22.920008,96800,9.718776
2011-07-07,22.810005,23.420002,22.729994,23.179996,80300,9.829018
2011-07-06,22.279994,22.720006,22.279994,22.669988,65700,9.612759
2011-07-05,22.270006,22.360006,21.919995,22.340003,102600,9.472836
2011-07-01,21.910004,22.420012,21.769989,22.169992,115800,9.400746
2011-06-30,22.060013,22.270006,21.820004,21.840007,126000,9.260823
2011-06-29,22.169992,23.280008,21.700013,21.989992,98700,9.324421
2011-06-28,22.05,22.240012,21.970013,22.180006,106200,9.404992
2011-06-27,21.280005,22.079992,21.269993,22.039988,141500,9.345621
2011-06-24,21.820004,21.820004,21.139987,21.250013,244500,9.010647
2011-06-23,21.589987,21.840007,21.179993,21.780001,130200,9.235378
2011-06-22,22.619993,22.659997,21.730004,21.730004,100800,9.214178
2011-06-21,22.729994,22.839997,22.349992,22.690012,304700,9.62125
2011-06-20,22.079992,22.669988,21.880013,22.669988,133400,9.612759
2011-06-17,22.05,23.440005,21.250013,22.079992,471800,9.362583
2011-06-16,21.300008,22.070003,21.300008,21.939998,144000,9.303222
2011-06-15,21.010005,21.530002,21.010005,21.350002,104900,9.053045
2011-06-14,21.160013,21.379995,20.859997,21.250013,137700,9.010647
2011-06-13,30.899981,31.659998,30.109996,31.310008,172100,8.850926
2011-06-10,31.529994,31.589999,30.61,30.699978,146000,8.678478
2011-06-09,31.97998,32.120011,31.629994,31.629994,65700,8.941382
2011-06-08,32.190007,32.449984,31.829998,31.839985,154500,9.000743
2011-06-07,32.29001,32.919987,32.179984,32.509992,222300,9.139265
2011-06-06,31.77998,32.039989,31.559998,31.990006,106700,8.993086
2011-06-03,31.670021,32.049979,31.639984,31.69999,155300,8.911556
2011-06-02,32.919987,32.919987,31.97998,32.020007,125600,9.00152
2011-06-01,33.57001,33.950004,32.630006,32.730006,384800,9.201116
2011-05-31,33.370009,33.719996,33.189987,33.700018,230400,9.473807
2011-05-27,32.989983,33.10001,32.649987,33.000006,50900,9.277019
2011-05-26,31.850011,33.02002,31.70998,33.000006,106800,9.277019
2011-05-25,31.750008,32.109985,31.59999,31.950011,197700,8.981842
2011-05-24,32.049979,33.000006,31.610012,31.670021,250700,8.903131
2011-05-23,32.060002,32.709993,32.060002,32.400001,108900,9.108344
2011-05-20,32.719983,32.849988,32.230002,32.500002,101900,9.136457
2011-05-19,32.879992,33.659987,32.400001,32.870002,88400,9.240472
2011-05-18,32.919987,32.919987,32.649987,32.760011,68400,9.209551
2011-05-17,32.369997,32.760011,32.369997,32.530006,66200,9.144892
2011-05-16,32.29001,32.730006,32.24998,32.51998,177500,9.142073
2011-05-13,33.500014,33.57001,32.319979,32.360006,84300,9.097101
2011-05-12,32.789983,33.75,32.719983,33.440005,66300,9.400712
2011-05-11,32.670001,33.070005,32.670001,32.900006,171500,9.248907
2011-05-10,32.299998,32.890015,32.169993,32.879992,120300,9.24328
2011-05-09,31.859999,32.269994,31.499989,32.160003,104600,9.040876
2011-05-06,32.390011,32.600002,31.729994,31.77998,128300,8.934043
2011-05-05,31.650007,33.000006,30.870012,32.099997,264600,9.024007
2011-05-04,32.260006,32.260006,31.319999,31.499989,68900,8.855332
2011-05-03,32.550019,32.670001,31.670021,32.099997,151800,9.024007
2011-05-02,32.940001,33.000006,32.609993,32.630006,124800,9.173004
2011-04-29,33.000006,33.009997,32.709993,32.849988,84300,9.234845
2011-04-28,33.040001,33.92999,32.960014,33.11,330800,9.307941
2011-04-27,33.000006,33.249992,32.719983,33.140001,141800,9.316375
2011-04-26,33.000006,33.360019,32.93001,33.129978,100800,9.313557
2011-04-25,33.000006,33.079996,32.849988,32.949991,98700,9.262959
2011-04-21,33.000006,33.040001,32.839997,33.000006,149900,9.277019
2011-04-20,32.490011,33.049992,32.48002,33.040001,96500,9.288262
2011-04-19,31.489999,32.120011,31.489999,32.109985,91100,9.026814
2011-04-18,30.719991,31.50998,30.519991,31.439981,116300,8.838462
2011-04-15,31.22999,31.32999,30.829985,31.250003,161600,8.785055
2011-04-14,31.169981,31.569985,31.099985,31.299986,181100,8.799106
2011-04-13,32.020007,32.020007,31.219999,31.400021,58700,8.827228
2011-04-12,31.759998,32.339993,31.610012,31.70998,74900,8.914365
2011-04-11,31.750008,31.929998,31.750008,31.880012,91800,8.962164
2011-04-08,32.919987,32.919987,31.720007,31.77998,63000,8.934043
2011-04-07,32.859979,33.240005,32.589979,32.609993,125100,9.167378
2011-04-06,32.29001,32.890015,32.220011,32.879992,90500,9.24328
2011-04-05,32.049979,32.449984,31.850011,32.230002,76500,9.060554
2011-04-04,32.120011,32.330002,31.529994,32.139989,176400,9.035249
2011-04-01,32.789983,32.93001,32.069993,32.130002,135200,9.032442
2011-03-31,32.509992,32.970005,32.299998,32.900006,114800,9.248907
2011-03-30,31.499989,32.350016,30.749995,32.28002,97800,9.074615
2011-03-29,30.51,31.540016,30.51,31.299986,61700,8.799106
2011-03-28,31.110008,31.289995,30.989994,31.099985,57300,8.742882
2011-03-25,31.05999,31.620003,30.899981,31.089994,100800,8.740073
2011-03-24,31.119999,31.169981,30.699978,30.870012,64400,8.678231
2011-03-23,31.369985,31.569985,30.969977,31.029986,87900,8.723203
2011-03-22,31.110008,31.629994,30.870012,31.369985,110300,8.818784
2011-03-21,30.980003,31.289995,30.699978,31.049999,102200,8.72883
2011-03-18,29.399997,30.68999,29.399997,30.670009,359300,8.622006
2011-03-17,29.339988,29.850019,29.139988,29.180015,146700,8.203136
2011-03-16,28.550002,29.299996,28.319998,28.850006,148700,8.110364
2011-03-15,28.010003,28.77002,28.010003,28.480006,168300,8.006349
2011-03-14,28.349999,28.950007,28.249998,28.750006,183600,8.082252
2011-03-11,29.539992,29.780023,28.070011,28.680007,304700,8.062573
2011-03-10,30.559982,31.000017,29.52001,29.560005,225500,8.30996
2011-03-09,31.05999,31.499989,30.800013,30.95999,126200,8.703526
2011-03-08,29.850019,31.019995,29.850019,31.000017,103200,8.714778
2011-03-07,30.600013,30.61,29.59001,29.860009,202100,8.394298
2011-03-04,30.349991,30.640004,30.120018,30.34,199800,8.529233
2011-03-03,30.919995,31.070013,30.300009,30.429978,190500,8.554528
2011-03-02,30.649995,31.350003,30.500009,30.800013,182300,8.658553
2011-03-01,30.670009,31.119999,30.300009,30.649995,532100,8.61638
2011-02-28,30.940008,31.520003,30.379995,30.699978,194000,8.630431
2011-02-25,30.209996,30.989994,29.939996,30.559982,222300,8.591075
2011-02-24,30.089982,30.819995,30.039996,30.219987,162600,8.495495
2011-02-23,29.549983,30.479996,29.549983,30.179992,181500,8.484251
2011-02-22,30.519991,31.000017,30.390018,30.500009,87800,8.574215
2011-02-18,30.68999,31.299986,29.920015,30.930018,134600,8.6951
2011-02-17,30.06001,30.51,29.609988,30.390018,182300,8.543295
2011-02-16,29.979991,30.349991,29.599997,30.230009,143300,8.498313
2011-02-15,28.97002,29.990014,28.97002,29.769997,406400,8.368993
2011-02-14,28.77002,29.349979,28.419998,29.160001,77900,8.19751
2011-02-11,27.54999,28.959997,27.490017,28.869988,177500,8.115981
2011-02-10,27.44999,27.809999,27.209991,27.72998,86600,7.7955
2011-02-09,27.420018,27.709999,27.37,27.589985,65700,7.756144
2011-02-08,27.130005,27.589985,26.930002,27.589985,42800,7.756144
2011-02-07,26.91998,27.169999,26.810021,27.080022,159900,7.612783
2011-02-04,26.769994,27.169999,26.46999,26.960007,79700,7.579044
2011-02-03,26.660003,27.300004,26.509985,26.880018,39200,7.556557
2011-02-02,27.600008,27.749994,26.909989,27.17999,42000,7.640886
2011-02-01,27.109991,27.779995,26.990009,27.779995,121700,7.80956
2011-01-31,26.930002,27.220017,26.579981,26.930002,126500,7.570609
2011-01-28,28.010003,28.010003,26.259997,26.439987,136500,7.432855
2011-01-27,27.960017,28.199981,27.54999,28.010003,59600,7.874221
2011-01-26,26.930002,27.979999,26.669992,27.940004,246300,7.854542
2011-01-25,26.939993,27.009991,26.569991,26.869995,60000,7.55374
2011-01-24,26.760005,27.470003,26.760005,27.130005,75200,7.626834
2011-01-21,27.500008,27.500008,26.649978,26.709987,111300,7.508758
2011-01-20,26.760005,27.879998,26.509985,27.290013,267500,7.671816
2011-01-19,27.71999,27.71999,26.680016,26.72001,140000,7.511575
2011-01-18,27.659981,27.91999,27.400004,27.789986,60800,7.812369
2011-01-14,27.709999,27.840003,27.44999,27.809999,200700,7.817995
2011-01-13,27.500008,27.659981,27.200004,27.659981,110900,7.775822
2011-01-12,27.44999,27.809999,27.300004,27.439999,145800,7.71398
2011-01-11,27.150018,27.479991,26.690007,27.169999,144600,7.638077
2011-01-10,26.529998,26.969996,26.270021,26.969996,173700,7.581852
2011-01-07,27.929981,27.929981,26.520007,26.760005,179100,7.522819
2011-01-06,28.180002,28.240008,27.749994,27.929981,107600,7.851725
2011-01-05,28.100013,28.510008,27.679995,28.249998,238200,7.941688
2011-01-04,29.129997,29.129997,27.970008,28.100013,66300,7.899524
2011-01-03,28.559993,29.079979,28.519998,29.00998,347900,8.155336
2010-12-31,28.799989,28.809979,28.129985,28.210003,87300,7.930445
2010-12-30,29.00998,29.090002,28.850006,28.850006,90600,8.110364
2010-12-29,28.789998,28.999992,28.789998,28.850006,31700,8.110364
2010-12-28,29.090002,29.250011,28.759994,28.77002,87900,8.087878
2010-12-27,28.780007,29.290006,28.780007,28.980011,89700,8.146911
2010-12-23,28.780007,29.139988,28.570016,28.939984,122400,8.135658
2010-12-22,28.869988,28.97002,28.700021,28.720002,124400,8.073817
2010-12-21,28.910015,29.05001,28.689998,28.73998,352400,8.079433
2010-12-20,28.729993,28.999992,27.609999,28.710011,175100,8.071008
2010-12-17,28.869988,28.950007,28.370012,28.450002,499100,7.997914
2010-12-16,28.210003,28.840016,28.210003,28.789998,101900,8.093494
2010-12-15,28.489994,28.999992,27.99998,28.199981,123500,7.927627
2010-12-14,28.950007,29.04002,28.389994,28.610011,155900,8.042896
2010-12-13,29.00998,29.139988,28.750006,28.750006,397100,8.082252
2010-12-10,29.220006,29.329997,28.73998,29.00998,197300,8.155336
2010-12-09,29.560005,29.560005,28.880011,29.269992,180500,8.228431
2010-12-08,28.729993,29.639992,28.710011,29.229997,187700,8.217187
2010-12-07,27.500008,28.73998,27.44999,28.700021,166100,8.068199
2010-12-06,26.950016,27.500008,26.869995,27.44999,76200,7.716789
2010-12-03,26.709987,27.290013,26.46999,27.090013,67500,7.615591
2010-12-02,26.629998,27.300004,26.629998,26.890009,109400,7.559366
2010-12-01,25.989997,26.790007,25.92999,26.669992,229500,7.497514
2010-11-30,24.619983,25.740011,24.619983,25.65,357800,7.210772
2010-11-29,25.540009,25.540009,24.619983,25.119989,117600,7.061775
2010-11-26,25.009998,25.899986,24.970005,25.850002,53600,7.216398
2010-11-24,25.299979,25.870017,25.130014,25.839979,91400,7.2136
2010-11-23,24.95998,25.260018,24.779992,25.21,49200,7.037733
2010-11-22,25.049993,25.330016,24.870003,25.260018,86000,7.051696
2010-11-19,25.140004,25.140004,24.670001,25.049993,152100,6.993065
2010-11-18,24.909998,25.400014,24.590014,25.10001,150000,7.007027
2010-11-17,24.590014,24.639997,24.260006,24.530006,106200,6.847903
2010-11-16,24.889984,25.009998,24.500003,24.619983,186500,6.873021
2010-11-15,25.140004,25.349996,24.83001,25.11,127800,7.009816
2010-11-12,24.889984,25.519995,24.889984,25.019989,112200,6.984689
2010-11-11,25.130014,25.499982,24.819987,25.170007,108600,7.026568
2010-11-10,24.870003,25.419993,24.83001,25.370009,179100,7.082402
2010-11-09,24.879994,24.889984,24.489979,24.730009,126200,6.903737
2010-11-08,24.84,24.95998,24.400001,24.870003,56000,6.942818
2010-11-05,24.979996,25.070007,24.900007,24.940001,95400,6.962359
2010-11-04,25.000009,25.070007,24.720019,24.949991,233700,6.965148
2010-11-03,24.800005,25.019989,24.730009,25.019989,73100,6.984689
2010-11-02,24.930012,25.000009,24.539996,24.889984,93200,6.948396
2010-11-01,24.56001,24.660012,24.400001,24.549986,64800,6.85348
2010-10-29,24.600003,24.700005,24.500003,24.549986,59400,6.85348
2010-10-28,24.809996,24.809996,24.380021,24.679992,157200,6.889773
2010-10-27,24.409992,24.679992,24.360008,24.539996,139100,6.850692
2010-10-26,24.720019,24.870003,24.639997,24.639997,73500,6.878608
2010-10-25,24.909998,25.000009,24.819987,24.909998,68900,6.953983
2010-10-22,24.860014,24.930012,24.450019,24.700005,58100,6.89536
2010-10-21,24.770003,24.95998,24.320015,24.809996,84300,6.926066
2010-10-20,24.770003,24.990019,24.57999,24.660012,54600,6.884196
2010-10-19,24.30999,24.720019,24.239992,24.570001,182900,6.859068
2010-10-18,24.650021,24.660012,24.430005,24.609994,105500,6.870233
2010-10-15,25.10001,25.10001,24.520017,24.520017,110700,6.845114
2010-10-14,24.940001,25.029978,24.660012,24.95998,53300,6.967936
2010-10-13,24.530006,25.040003,24.419981,24.900007,131100,6.951194
2010-10-12,23.860002,24.539996,23.860002,24.530006,71100,6.847903
2010-10-11,23.780013,24.120011,23.539984,23.999997,97400,6.699943
2010-10-08,23.559998,24.130001,23.399989,23.850011,137700,6.658072
2010-10-07,24.500003,24.500003,23.590002,23.679979,73500,6.610606
2010-10-06,24.250017,24.460008,24.130001,24.30999,100800,6.786482
2010-10-05,23.409978,24.500003,23.329991,24.400001,121100,6.81161
2010-10-04,23.480009,23.480009,22.910006,23.100019,62100,6.448701
2010-10-01,23.690002,23.690002,22.94001,23.420003,126500,6.538029
2010-09-30,24.269997,24.269997,23.21001,23.520004,141800,6.565946
2010-09-29,23.879982,24.320015,23.809984,23.999997,122100,6.699943
2010-09-28,23.999997,23.999997,23.440016,23.990006,90000,6.697154
2010-09-27,24.009986,24.020011,23.459996,23.920009,86600,6.677613
2010-09-24,23.250003,23.980016,22.989994,23.939988,123800,6.683191
2010-09-23,22.760021,23.259994,22.579999,22.889992,151200,6.390069
2010-09-22,23.069981,23.420003,22.579999,22.94001,169700,6.404033
2010-09-21,24.209988,24.209988,22.989994,23.110009,345200,6.45149
2010-09-20,23.570021,24.320015,23.539984,24.279986,168000,6.778106
2010-09-17,23.629995,23.929999,23.199987,23.590002,432900,6.585487
2010-09-16,23.659998,23.659998,23.21001,23.329991,108200,6.512901
2010-09-15,23.310012,23.650009,23.030021,23.510014,156800,6.563157
2010-09-14,23.240014,23.459996,23.069981,23.350005,163500,6.518489
2010-09-13,22.740008,23.289998,22.719994,23.240014,129600,6.487783
2010-09-10,22.610003,23.010008,22.479997,22.540006,108900,6.292366
2010-09-09,22.760021,22.799981,22.240002,22.610003,81000,6.311906
2010-09-08,22.179993,22.599979,22.179993,22.570008,75800,6.300741
2010-09-07,22.490022,22.510001,22.000005,22.070002,137000,6.161157
2010-09-03,22.740008,22.740008,22.349993,22.640006,81000,6.320282
2010-09-02,22.67001,22.67001,22.000005,22.510001,169700,6.28399
2010-09-01,22.570008,22.869979,22.240002,22.519991,406400,6.286778
2010-08-31,21.909993,22.379997,21.809993,22.189984,194000,6.194652
2010-08-30,22.14,22.249991,21.860009,21.860009,153200,6.102535
2010-08-27,21.539992,22.230011,21.239989,22.170004,128400,6.189074
2010-08-26,21.090003,21.379983,21.090003,21.239989,156800,5.929447
2010-08-25,20.510011,21.099994,20.210007,21.06999,121700,5.88199
2010-08-24,20.729993,21.090003,20.080001,20.680009,105900,5.773121
2010-08-23,21.779989,21.779989,21.06999,21.080014,102200,5.884788
2010-08-20,21.430001,21.789978,21.059999,21.709991,154500,6.060655
2010-08-19,22.379997,22.40001,21.499998,21.579987,175100,6.024363
2010-08-18,22.640006,22.640006,22.329979,22.41999,129200,6.258862
2010-08-17,22.389986,22.989994,22.389986,22.729983,120300,6.345401
2010-08-16,22.500011,22.610003,22.04,22.200007,164700,6.19745
2010-08-13,22.519991,22.799981,22.500011,22.500011,146400,6.2812
2010-08-12,22.519991,22.830019,22.500011,22.649997,86600,6.323071
2010-08-11,23.320001,23.389998,22.789992,22.840008,214200,6.376116
2010-08-10,23.860002,23.999997,23.480009,23.799993,141900,6.644109
2010-08-09,24.390011,24.390011,23.969993,24.079984,172400,6.722273
2010-08-06,24.970005,24.970005,23.899995,24.29001,268700,6.780904
2010-08-05,25.489991,25.919999,25.200011,25.240005,93800,7.046109
2010-08-04,25.559988,25.899986,24.369997,25.689993,81900,7.17173
2010-08-03,25.419993,25.969983,25.049993,25.370009,132900,7.082402
2010-08-02,25.170007,25.600016,24.990019,25.540009,197100,7.129859
2010-07-30,24.639997,25.38,24.570001,24.860014,154800,6.940029
2010-07-29,25.11,25.400014,24.390011,25.019989,231000,6.984689
2010-07-28,25.340007,25.359986,24.689981,24.860014,137000,6.940029
2010-07-27,25.919999,26.129992,25.429984,25.440007,151800,7.101943
2010-07-26,25.000009,25.889997,24.739999,25.870017,171000,7.221986
2010-07-23,24.120011,24.879994,23.879982,24.83001,259400,6.931653
2010-07-22,23.750011,24.369997,23.539984,24.299999,243200,6.783693
2010-07-21,23.920009,23.929999,23.310012,23.359996,145100,6.521278
2010-07-20,22.929985,23.739986,22.929985,23.699993,113400,6.616193
2010-07-19,22.640006,23.289998,22.599979,23.22,152600,6.482196
2010-07-16,23.339982,23.570021,22.760021,22.819995,150500,6.370529
2010-07-15,23.799993,23.799993,23.320001,23.570021,104000,6.579909
2010-07-14,23.790004,23.920009,23.289998,23.840022,138300,6.655284
2010-07-13,23.559998,23.990006,23.199987,23.920009,164900,6.677613
2010-07-12,23.76,23.790004,23.170016,23.189996,87800,6.47382
2010-07-09,23.599991,23.949979,23.520004,23.910018,64100,6.674824
2010-07-08,23.620005,23.76,23.409978,23.699993,137900,6.616193
2010-07-07,22.840008,23.440016,22.840008,23.380009,164300,6.526865
2010-07-06,24.400001,24.400001,22.799981,22.880003,361100,6.387281
2010-07-02,24.079984,24.360008,23.580011,24.130001,164900,6.736236
2010-07-01,23.300021,23.999997,23.069981,23.840022,191700,6.655284
2010-06-30,23.499989,23.939988,23.189996,23.310012,217500,6.507324
2010-06-29,23.469987,23.969993,23.269984,23.429993,220100,6.540818
2010-06-28,24.03,24.190008,23.780013,23.850011,214800,6.658072
2010-06-25,23.999997,24.149981,23.840022,23.990006,655700,6.697154
2010-06-24,23.820007,24.299999,23.609982,23.840022,87300,6.655284
2010-06-23,24.160006,24.439995,23.780013,23.999997,141800,6.699943
2010-06-22,24.679992,24.920021,24.169995,24.250017,208100,6.76974
2010-06-21,25.000009,25.260018,24.56001,24.689981,247100,6.892562
2010-06-18,24.660012,25.000009,24.079984,24.779992,599600,6.91769
2010-06-17,24.650021,24.650021,24.149981,24.500003,101300,6.839527
2010-06-16,24.130001,24.549986,24.020011,24.419981,182300,6.817188
2010-06-15,24.260006,24.530006,23.860002,24.360008,319500,6.800445
2010-06-14,24.369997,24.639997,23.920009,24.069993,248600,6.719484
2010-06-11,23.640018,24.139991,23.640018,24.079984,182900,6.722273
2010-06-10,23.659998,24.009986,23.450007,23.980016,198000,6.694365
2010-06-09,23.180007,23.980016,23.119999,23.280007,203400,6.498948
2010-06-08,22.95999,23.089994,22.41,22.910006,208500,6.395656
2010-06-07,23.050001,23.599991,22.859989,22.929985,260600,6.350988
2010-06-04,23.650009,23.899995,22.840008,22.989994,324900,6.367608
2010-06-03,24.269997,24.549986,23.949979,24.269997,244500,6.722135
2010-06-02,23.259994,24.209988,23.139978,24.180019,270200,6.697213
2010-06-01,24.670001,24.670001,23.159992,23.170016,390200,6.41747
2010-05-28,24.679992,24.920021,24.390011,24.679992,338900,6.835692
2010-05-27,23.799993,24.83001,23.409978,24.800005,321300,6.868933
2010-05-26,23.450007,23.699993,23.150003,23.280007,283500,6.447934
2010-05-25,23.059992,23.399989,22.67001,23.269984,220700,6.445158
2010-05-24,23.929999,24.099997,23.320001,23.389998,227000,6.478399
2010-05-21,23.529993,24.110022,23.499989,24.020011,259400,6.652895
2010-05-20,24.199999,24.590014,23.620005,23.769991,363200,6.583646
2010-05-19,24.770003,24.949991,24.430005,24.670001,221400,6.832925
2010-05-18,24.970005,25.089987,24.720019,24.809996,363800,6.8717
2010-05-17,24.199999,24.909998,24.060004,24.889984,519800,6.893855
2010-05-14,24.03,24.160006,23.669989,24.130001,488700,6.68336
2010-05-13,24.090008,24.199999,23.769991,24.199999,180200,6.702747
2010-05-12,23.310012,24.199999,23.089994,24.169995,281400,6.694437
2010-05-11,22.68999,23.510014,22.449995,23.339982,249900,6.464546
2010-05-10,22.619992,23.040012,22.009995,22.989994,281000,6.367608
2010-05-07,21.930007,22.319988,21.499998,21.539992,504900,5.965997
2010-05-06,22.41999,22.830019,21.509989,22.04,428100,6.104486
2010-05-05,23.320001,23.620005,22.389986,22.570008,466400,6.251284
2010-05-04,24.079984,24.130001,23.289998,23.510014,237600,6.51164
2010-05-03,24.149981,24.500003,23.699993,24.460008,186300,6.774763
2010-04-30,24.660012,25.11,24.139991,24.149981,260100,6.688894
2010-04-29,24.190008,24.600003,23.620005,24.539996,201300,6.796917
2010-04-28,23.150003,24.500003,23.150003,24.069993,575300,6.666739
2010-04-27,23.550007,23.780013,23.059992,23.250003,267300,6.439624
2010-04-26,23.829997,23.949979,23.520004,23.590002,170100,6.533794
2010-04-23,23.739986,23.949979,23.580011,23.949979,183800,6.633498
2010-04-22,22.649997,23.860002,22.209997,23.690002,268200,6.561492
2010-04-21,23.310012,23.310012,22.579999,22.830019,522500,6.3233
2010-04-20,23.720007,23.729996,23.22,23.729996,185600,6.572569
2010-04-19,23.429993,23.799993,23.259994,23.659998,165600,6.553181
2010-04-16,23.609982,23.750011,23.250003,23.590002,166700,6.533794
2010-04-15,23.459996,23.739986,23.440016,23.580011,135900,6.531027
2010-04-14,22.999983,23.539984,22.880003,23.469987,853400,6.500553
2010-04-13,23.040012,23.089994,22.560019,23.089994,207900,6.395306
2010-04-12,22.679999,23.250003,22.579999,23.199987,270000,6.425771
2010-04-09,22.510001,22.68999,22.079993,22.619992,128400,6.265128
2010-04-08,22.749997,22.749997,22.449995,22.490022,104100,6.22913
2010-04-07,22.68999,22.919996,22.490022,22.749997,178800,6.301136
2010-04-06,22.859989,23.040012,22.599979,22.780001,84600,6.309446
2010-04-05,22.740008,23.069981,22.479997,23.069981,137000,6.389763
2010-04-01,22.830019,23.170016,22.470008,22.68999,344300,6.284515
2010-03-31,22.640006,23.050001,22.309999,22.619992,303900,6.265128
2010-03-30,21.979991,22.889992,21.890014,22.830019,303900,6.3233
2010-03-29,21.989982,22.270004,21.890014,22.009995,89300,6.096175
2010-03-26,21.879991,22.14999,21.800002,22.000005,133700,6.093408
2010-03-25,22.230011,22.309999,21.839996,21.849986,84300,6.051857
2010-03-24,22.329979,22.430013,22.009995,22.079993,199400,6.115563
2010-03-23,21.950021,22.459984,21.919984,22.319988,179600,6.182035
2010-03-22,21.60,22.000005,21.449981,21.989982,110300,6.090632
2010-03-19,21.639994,21.839996,21.569996,21.709991,380700,6.013082
2010-03-18,21.569996,21.680021,21.439992,21.509989,222800,5.957687
2010-03-17,21.220008,21.800002,20.720002,21.460005,333500,5.943843
2010-03-16,21.090003,21.199994,20.810013,21.05001,309200,5.830285
2010-03-15,21.010017,21.410021,20.859997,21.010017,349700,5.819208
2010-03-12,21.830007,21.830007,21.560007,21.700001,168800,6.010315
2010-03-11,21.480019,21.709991,21.480019,21.690012,198000,6.007548
2010-03-10,21.530003,21.789978,21.509989,21.60,168000,5.982618
2010-03-09,21.509989,21.789978,21.460005,21.560007,262500,5.971541
2010-03-08,21.460005,21.649984,21.460005,21.530003,178400,5.96323
2010-03-05,21.690012,21.690012,21.280017,21.530003,161300,5.96323
2010-03-04,21.609989,21.750018,21.379983,21.569996,95100,5.974307
2010-03-03,21.690012,21.760009,21.539992,21.550016,174200,5.968773
2010-03-02,21.700001,21.709991,21.439992,21.620014,366000,5.988161
2010-03-01,21.249978,21.820016,21.249978,21.630003,546900,5.990928
2010-02-26,21.190005,21.290006,21.039986,21.039986,250400,5.827509
2010-02-25,21.309987,21.309987,20.839984,21.109983,275600,5.846896
2010-02-24,21.700001,21.779989,21.430001,21.530003,158100,5.96323
2010-02-23,21.849986,21.909993,21.639994,21.709991,195800,6.013082
2010-02-22,21.809993,22.000005,21.730005,21.820016,251700,6.043556
2010-02-19,21.690012,21.979991,21.390007,21.809993,141000,6.04078
2010-02-18,21.05001,21.690012,20.999992,21.690012,148500,6.007548
2010-02-17,21.249978,21.330001,21.06999,21.32001,181100,5.905068
2010-02-16,21.150012,21.249978,20.999992,21.249978,116300,5.885671
2010-02-12,20.999992,21.190005,20.820004,21.140021,181800,5.855216
2010-02-11,20.899992,21.199994,20.580008,21.129997,359700,5.852439
2010-02-10,20.789999,21.010017,20.620002,20.880011,227400,5.7832
2010-02-09,20.979979,20.999992,20.52,20.950008,209300,5.802587
2010-02-08,20.920006,20.920006,20.610011,20.680009,169400,5.727805
2010-02-05,20.650004,21.059999,20.200016,20.920006,272700,5.794277
2010-02-04,20.550004,20.650004,20.340011,20.52,419400,5.683487
2010-02-03,20.909981,20.909981,20.310007,20.600022,162200,5.705651
2010-02-02,20.629991,21.059999,20.629991,20.929995,233600,5.797044
2010-02-01,20.820004,20.999992,20.410009,20.550004,425300,5.691797
2010-01-29,20.870022,21.190005,20.580008,20.589997,302400,5.702874
2010-01-28,20.999992,20.999992,20.470016,20.759997,326700,5.749959
2010-01-27,20.070011,21.099994,19.940007,21.020006,631400,5.821975
2010-01-26,19.71999,19.849996,19.43001,19.649992,232800,5.442518
2010-01-25,19.530012,19.800012,19.300006,19.730014,278100,5.464682
2010-01-22,19.050019,19.679996,19.050019,19.379992,240500,5.367735
2010-01-21,19.130006,19.43001,18.90,19.149986,206700,5.30403
2010-01-20,19.120017,19.120017,18.890011,19.039995,209900,5.273565
2010-01-19,19.130006,19.679996,18.930004,19.279992,426200,5.340038
2010-01-15,20.000014,20.000014,19.019981,19.149986,257900,5.30403
2010-01-14,19.840005,19.930016,19.730014,19.910003,71700,5.514534
2010-01-13,19.919992,20.000014,19.609999,19.930016,104900,5.520077
2010-01-12,20.000014,20.130018,19.689987,19.800012,148100,5.484069
2010-01-11,19.790021,20.130018,19.489983,20.089991,268700,5.564386
2010-01-08,19.230008,19.609999,19.079988,19.559981,137000,5.417587
2010-01-07,18.869997,19.379992,18.730002,19.330008,240300,5.353891
2010-01-06,19.409997,19.649992,18.639991,18.639991,709400,5.162775
2010-01-05,19.949996,19.98,19.139997,19.409997,430200,5.376046
2010-01-04,19.819991,20.000014,19.600008,19.989989,245700,5.536688
2009-12-31,19.779998,19.899978,19.489983,19.489983,178200,5.3982
2009-12-30,19.849996,19.949996,19.579994,19.849996,135200,5.497914
2009-12-29,19.629978,20.000014,19.500008,19.949996,199100,5.525611
2009-12-28,19.849996,19.849996,19.540001,19.679996,86600,5.450828
2009-12-24,19.679996,19.889989,19.679996,19.879998,25200,5.506224
2009-12-23,19.670006,19.919992,19.520021,19.660016,163500,5.445294
2009-12-22,19.949996,19.98,19.649992,19.810001,129200,5.486836
2009-12-21,19.860019,19.98,19.460014,19.97001,164700,5.531154
2009-12-18,19.509997,19.810001,19.409997,19.810001,592200,5.486836
2009-12-17,19.149986,19.500008,19.000002,19.500008,255300,5.400976
2009-12-16,19.230008,19.260011,19.060008,19.230008,194600,5.326194
2009-12-15,19.209994,19.279992,19.019981,19.030004,185100,5.270798
2009-12-14,19.16001,19.300006,18.969997,19.200004,222300,5.317883
2009-12-11,18.710022,19.060008,18.499995,19.019981,146000,5.268022
2009-12-10,18.63,18.669993,18.490005,18.609986,277400,5.154464
2009-12-09,18.890011,18.930004,18.539989,18.720011,401000,5.135086
2009-12-08,19.060008,19.300006,18.63,18.780018,309800,5.151547
2009-12-07,19.309995,19.379992,19.050019,19.130006,167000,5.247552
2009-12-04,19.759985,19.97001,19.16001,19.260011,397500,5.283214
2009-12-03,19.749994,19.749994,19.309995,19.330008,254000,5.302415
2009-12-02,19.100002,19.870009,19.100002,19.629978,442800,5.384699
2009-12-01,19.109993,19.409997,18.590007,19.050019,637800,5.225611
2009-11-30,18.90999,19.120017,18.560002,18.939993,479300,5.19543
2009-11-27,18.809988,19.330008,18.809988,19.009991,85700,5.214631
2009-11-25,19.520021,19.549992,19.289981,19.359979,150000,5.310636
2009-11-24,19.749994,19.749994,19.200004,19.579994,96000,5.370988
2009-11-23,19.679996,20.119995,19.570005,19.710001,242300,5.40665
2009-11-20,19.600008,19.899978,19.17999,19.590019,199400,5.373738
2009-11-19,19.97001,20.229986,19.460014,19.670006,259200,5.395679
2009-11-18,20.289993,20.33002,19.800012,20.130018,195900,5.521865
2009-11-17,20.369982,20.629991,19.910003,20.380005,254400,5.590439
2009-11-16,20.049998,20.600022,20.010005,20.52,317900,5.628841
2009-11-13,19.860019,19.860019,19.549992,19.829981,266000,5.439562
2009-11-12,20.159989,20.499986,19.660016,19.770007,241700,5.423111
2009-11-11,20.060021,20.149998,19.949996,20.070011,137900,5.505405
2009-11-10,19.70001,20.000014,19.70001,19.98,251100,5.480714
2009-11-09,19.500008,19.870009,19.470003,19.849996,216200,5.445052
2009-11-06,18.980022,19.500008,18.969997,19.419986,301200,5.327096
2009-11-05,18.930004,19.260011,18.669993,19.200004,225500,5.266753
2009-11-04,19.16001,19.16001,18.63,18.819979,840600,5.162509
2009-11-03,18.569993,19.050019,18.46,19.009991,312500,5.214631
2009-11-02,18.180012,18.830002,18.159998,18.660004,324900,5.118626
2009-10-30,18.399994,18.580016,17.999989,18.009978,304700,4.940317
2009-10-29,18.369989,18.930004,18.199991,18.499995,192300,5.074734
2009-10-28,19.039995,19.239997,18.290003,18.35001,182400,5.033591
2009-10-27,18.930004,19.239997,18.930004,19.009991,202100,5.214631
2009-10-26,19.039995,19.44999,18.90999,18.930004,230100,5.192689
2009-10-23,19.239997,19.239997,18.90,18.969997,237800,5.20366
2009-10-22,19.030004,19.330008,18.850016,19.239997,207200,5.277724
2009-10-21,18.739991,19.339999,18.679984,18.939993,381600,5.19543
2009-10-20,18.90999,18.90999,18.63,18.839993,232800,5.167999
2009-10-19,18.939993,18.939993,18.299993,18.90999,368600,5.1872
2009-10-16,18.720011,19.050019,18.520009,18.809988,172400,5.159768
2009-10-15,18.599996,18.90,18.510018,18.799999,174800,5.157028
2009-10-14,18.609986,18.90,18.549979,18.780018,205400,5.151547
2009-10-13,18.739991,18.739991,18.150007,18.339987,221400,5.030842
2009-10-12,18.869997,19.050019,18.699998,18.710022,209300,5.132346
2009-10-09,18.490005,18.830002,18.240019,18.699998,399200,5.129596
2009-10-08,19.139997,19.219983,18.390004,18.440021,411800,5.058282
2009-10-07,18.860006,19.209994,18.620009,18.949984,872700,5.19817
2009-10-06,19.050019,19.089979,18.710022,18.969997,299700,5.20366
2009-10-05,19.039995,20.650004,18.690007,18.839993,318800,5.167999
2009-10-02,19.149986,19.349988,19.030004,19.050019,329000,5.225611
2009-10-01,20.040007,20.25,19.230008,19.270001,249000,5.285954
2009-09-30,20.400018,20.550004,20.000014,20.080001,511200,5.508145
2009-09-29,20.639981,20.639981,20.25,20.33002,503100,5.576728
2009-09-28,20.389995,20.850008,20.389995,20.559993,241200,5.639812
2009-09-25,20.450002,20.769986,20.219996,20.340011,264600,5.579469
2009-09-24,20.680009,20.839984,20.450002,20.550004,167600,5.637072
2009-09-23,20.750006,20.959999,20.600022,20.600022,413100,5.650792
2009-09-22,20.950008,21.080014,20.589997,20.670019,265200,5.669993
2009-09-21,20.850008,20.950008,19.989989,20.859997,158000,5.722106
2009-09-18,21.059999,21.199994,20.920006,20.990003,437400,5.757768
2009-09-17,20.870022,21.420012,20.810013,20.990003,273300,5.757768
2009-09-16,20.589997,20.890001,20.359991,20.839984,1804200,5.716616
2009-09-15,20.389995,20.600022,20.210007,20.589997,398400,5.648042
2009-09-14,20.229986,20.359991,20.16998,20.310007,170700,5.571238
2009-09-11,20.149998,20.350002,19.940007,20.319998,208500,5.573979
2009-09-10,19.919992,20.140009,19.749994,20.060021,403800,5.502664
2009-09-09,20.110005,20.319998,19.889989,19.949996,248000,5.472484
2009-09-08,20.389995,20.470016,19.989989,20.180002,179600,5.535577
2009-09-04,20.470016,20.589997,20.099982,20.319998,220200,5.573979
2009-09-03,20.450002,20.480006,20.010005,20.459993,232400,5.612381
2009-09-02,20.699988,20.880011,20.340011,20.419999,253400,5.60141
2009-09-01,20.899992,21.299996,20.580008,20.750006,216000,5.691934
2009-08-31,21.109983,21.550016,20.839984,20.880011,275000,5.727596
2009-08-28,21.919984,21.919984,21.099994,21.239989,324200,5.826342
2009-08-27,21.849986,21.909993,21.260003,21.800002,203100,5.979959
2009-08-26,21.860009,21.970002,21.660007,21.919984,145800,6.012871
2009-08-25,21.909993,22.000005,21.680021,21.950021,381600,6.02111
2009-08-24,21.820016,21.960011,21.560007,21.690012,251100,5.949787
2009-08-21,21.760009,22.000005,21.460005,21.750018,494300,5.966248
2009-08-20,21.680021,21.789978,21.430001,21.700001,302600,5.952527
2009-08-19,22.000005,22.14,21.029997,21.569996,623300,5.916866
2009-08-18,21.800002,22.319988,21.330001,21.700001,5974700,5.952527
2009-08-17,21.299996,21.490009,21.099994,21.330001,296600,5.851033
2009-08-14,21.789978,21.939998,21.210019,21.709991,373200,5.955268
2009-08-13,22.14,22.14,21.60,21.930007,503700,6.01562
2009-08-12,21.399998,22.209997,20.79999,21.970002,1615500,6.026591
2009-08-11,20.159989,20.829994,19.730014,19.870009,176900,5.450542
2009-08-10,20.600022,20.600022,20.110005,20.33002,145400,5.576728
2009-08-07,20.540013,21.199994,20.319998,20.79999,245300,5.705645
2009-08-06,20.78001,21.05001,19.989989,20.189993,124800,5.538317
2009-08-05,20.999992,21.090003,20.589997,20.750006,413300,5.691934
2009-08-04,20.480006,21.020006,20.25,21.020006,303800,5.765998
2009-08-03,19.679996,20.499986,19.520021,20.499986,223400,5.623351
2009-07-31,19.800012,20.180002,19.609999,19.609999,214200,5.379219
2009-07-30,19.819991,20.000014,19.300006,19.810001,154500,5.434081
2009-07-29,19.609999,19.840005,19.500008,19.629978,191000,5.384699
2009-07-28,19.419986,20.089991,19.370003,19.910003,260600,5.461513
2009-07-27,19.549992,19.660016,19.309995,19.619989,151200,5.381959
2009-07-24,19.749994,20.119995,19.279992,19.549992,716400,5.362758
2009-07-23,20.289993,20.319998,19.70001,19.749994,582800,5.417621
2009-07-22,20.140009,20.439979,19.949996,20.359991,185900,5.584949
2009-07-21,20.439979,20.439979,19.940007,20.180002,172100,5.535577
2009-07-20,20.299984,20.439979,20.110005,20.359991,173400,5.584949
2009-07-17,20.029984,20.299984,19.959987,20.159989,196700,5.530087
2009-07-16,20.149998,20.369982,19.470003,20.089991,319200,5.510886
2009-07-15,20.499986,20.540013,19.370003,20.289993,429900,5.565748
2009-07-14,19.70001,20.400018,19.70001,20.319998,164700,5.573979
2009-07-13,18.830002,20.000014,18.569993,19.770007,301200,5.423111
2009-07-10,19.019981,19.470003,18.569993,18.809988,119000,5.159768
2009-07-09,19.759985,19.759985,19.000002,19.190013,143300,5.264013
2009-07-08,19.749994,19.989989,19.209994,19.590019,204800,5.373738
2009-07-07,20.040007,20.200016,19.470003,19.559981,102200,5.365498
2009-07-06,19.910003,20.180002,19.71999,20.070011,122900,5.505405
2009-07-02,21.360003,21.369994,19.919992,20.000014,165600,5.486204
2009-07-01,20.130018,20.839984,19.959987,20.750006,191000,5.691934
2009-06-30,20.720002,20.759997,18.450011,19.919992,243900,5.464253
2009-06-29,20.319998,20.950008,20.319998,20.600022,178200,5.650792
2009-06-26,19.870009,20.419999,18.949984,20.280004,510900,5.563008
2009-06-25,19.100002,20.16998,19.100002,20.049998,187200,5.499915
2009-06-24,18.969997,19.810001,18.699998,19.300006,214700,5.294185
2009-06-23,18.830002,18.990011,18.560002,18.63,178800,5.110395
2009-06-22,18.939993,18.969997,18.599996,18.690007,292200,5.126856
2009-06-19,19.500008,19.559981,18.930004,18.990011,236900,5.20915
2009-06-18,19.509997,19.600008,19.109993,19.209994,209400,5.269494
2009-06-17,19.279992,19.740003,19.109993,19.600008,180500,5.376478
2009-06-16,19.919992,20.340011,19.230008,19.250022,125600,5.280474
2009-06-15,20.870022,20.999992,19.359979,19.660016,296300,5.392939
2009-06-12,20.709979,21.299996,20.52,21.020006,92400,5.765998
2009-06-11,20.720002,21.490009,20.670019,20.820004,123000,5.711135
2009-06-10,21.039986,21.550016,20.229986,20.689999,215600,5.675474
2009-06-09,21.499998,21.499998,20.769986,20.920006,157500,5.738567
2009-06-08,21.669998,21.900004,21.06999,21.420012,141000,5.826351
2009-06-05,21.930007,21.930007,21.309987,21.690012,200400,5.899792
2009-06-04,21.900004,21.900004,21.439992,21.680021,243600,5.897075
2009-06-03,20.969988,21.860009,20.759997,21.860009,517700,5.946032
2009-06-02,21.06999,21.199994,20.600022,21.06999,634700,5.731143
2009-06-01,20.859997,21.190005,20.729993,21.109983,425300,5.742022
2009-05-29,20.699988,20.850008,20.319998,20.79999,182300,5.657702
2009-05-28,20.789999,20.899992,20.099982,20.699988,160200,5.630501
2009-05-27,20.969988,21.090003,20.359991,20.559993,282200,5.592421
2009-05-26,20.299984,21.169992,20.299984,20.969988,357300,5.703942
2009-05-22,21.039986,21.039986,20.359991,20.369982,110900,5.540737
2009-05-21,20.699988,21.029997,20.470016,20.969988,262800,5.703942
2009-05-20,20.899992,21.199994,20.450002,20.909981,587900,5.68762
2009-05-19,20.870022,20.899992,20.499986,20.750006,236300,5.644106
2009-05-18,20.289993,20.880011,20.119995,20.78001,312500,5.652267
2009-05-15,19.910003,20.000014,19.689987,19.949996,277400,5.426499
2009-05-14,19.629978,20.159989,19.609999,19.759985,245700,5.374815
2009-05-13,20.259991,20.299984,19.520021,19.549992,317300,5.317696
2009-05-12,20.510011,20.870022,20.010005,20.52999,253400,5.584261
2009-05-11,20.650004,20.740015,20.25,20.310007,357300,5.524424
2009-05-08,20.79999,21.06999,20.620002,20.999992,680000,5.712104
2009-05-07,20.979979,20.979979,19.989989,20.499986,596300,5.576099
2009-05-06,19.790021,20.999992,19.759985,20.540013,831200,5.586987
2009-05-05,19.169999,19.619989,19.000002,19.390017,296300,5.274182
2009-05-04,19.219983,19.689987,18.669993,19.44999,272300,5.290495
2009-05-01,19.479994,19.540001,18.63,18.890011,303900,5.138178
2009-04-30,19.300006,19.879998,19.149986,19.479994,448800,5.298656
2009-04-29,18.930004,19.649992,18.599996,19.440001,212900,5.287778
2009-04-28,18.159998,19.250022,18.069987,18.809988,320900,5.116411
2009-04-27,17.750003,18.490005,17.750003,18.36,303900,4.994012
2009-04-24,17.999989,18.310016,17.570015,17.959994,229700,4.885209
2009-04-23,18.250009,18.250009,17.500017,17.859994,396900,4.858008
2009-04-22,17.210002,18.420007,17.210002,18.180012,407700,4.945055
2009-04-21,16.560012,17.81001,16.379989,17.469979,636800,4.751922
2009-04-20,17.119991,17.719999,16.19001,16.620018,308000,4.520729
2009-04-17,17.319993,17.840014,17.149995,17.610008,283100,4.790011
2009-04-16,16.849991,17.410006,16.609996,17.259986,272300,4.694803
2009-04-15,16.119979,16.879995,15.950014,16.719987,288900,4.54792
2009-04-14,17.739979,17.739979,16.090008,16.220014,340200,4.411925
2009-04-13,17.469979,17.469979,16.900009,16.970007,158900,4.615927
2009-04-09,17.510006,17.910012,17.000011,17.799986,245000,4.841686
2009-04-08,17.219993,17.219993,16.609996,17.189988,255800,4.675763
2009-04-07,17.469979,17.82999,17.000011,17.019991,206100,4.629523
2009-04-06,18.279978,18.279978,17.500017,17.689995,249800,4.811767
2009-04-03,18.679984,18.679984,18.269989,18.499995,261900,5.032092
2009-04-02,18.90999,19.139997,18.479982,18.639991,393000,5.070171
2009-04-01,17.700019,18.560002,17.449999,18.329996,306000,4.985851
2009-03-31,17.360022,18.539989,17.070007,18.120003,334100,4.928732
2009-03-30,18.020003,18.020003,16.670003,17.170009,434000,4.670329
2009-03-27,18.969997,19.270001,18.020003,18.029992,257100,4.904248
2009-03-26,18.609986,19.549992,18.290003,19.230008,482900,5.230659
2009-03-25,18.180012,18.830002,17.230016,18.499995,256500,5.032092
2009-03-24,18.869997,19.17999,18.050005,18.059996,266900,4.91241
2009-03-23,18.199991,19.169999,18.139984,19.130006,271400,5.203458
2009-03-20,18.609986,18.609986,17.529986,17.750003,287700,4.82809
2009-03-19,18.990011,19.16001,18.150007,18.420007,271500,5.010335
2009-03-18,18.780018,19.16001,17.910012,18.760004,432200,5.102816
2009-03-17,18.669993,19.000002,17.739979,19.000002,288500,5.168096
2009-03-16,18.329996,18.420007,17.689995,17.840014,274700,4.852574
2009-03-13,18.380014,18.479982,17.959994,18.159998,224300,4.939611
2009-03-12,17.480002,18.479982,16.900009,18.310016,517700,4.980416
2009-03-11,17.999989,19.440001,17.249997,17.389991,649400,4.730165
2009-03-10,15.750011,17.189988,15.429993,17.160018,708000,4.667611
2009-03-09,15.140014,15.579979,14.689992,15.309979,522000,4.164391
2009-03-06,15.140014,15.439984,14.710005,15.270018,320000,4.153522
2009-03-05,15.490002,16.169996,14.829987,14.989996,353900,4.077354
2009-03-04,15.320002,16.010021,15.080007,15.860003,441000,4.314001
2009-03-03,15.089996,15.350006,14.540006,14.969982,303000,4.07191
2009-03-02,15.29,15.699995,14.719996,14.810007,230400,4.028396
2009-02-27,15.93999,16.249983,15.480011,15.520004,347900,4.221519
2009-02-26,16.649989,17.360022,16.169996,16.169996,232800,4.39832
2009-02-25,16.649989,17.28999,16.119979,16.449987,345200,4.474479
2009-02-24,15.499991,16.859982,15.499991,16.709996,237800,4.545203
2009-02-23,15.820008,16.200001,15.320002,15.329993,179600,4.169835
2009-02-20,15.880017,16.420016,15.699995,15.750011,224100,4.284082
2009-02-19,15.999997,16.339994,15.709984,16.230003,249300,4.414643
2009-02-18,16.439996,16.439996,15.579979,15.709984,316800,4.273195
2009-02-17,17.54001,17.619997,16.260008,16.260008,404600,4.422804
2009-02-13,18.050005,18.290003,17.700019,18.059996,128900,4.91241
2009-02-12,17.430019,18.09999,17.000011,18.09,139200,4.920571
2009-02-11,17.599983,17.81001,17.119991,17.580004,163500,4.781849
2009-02-10,18.790009,19.069999,17.630021,17.630021,288900,4.795454
2009-02-09,19.009991,19.479994,18.790009,18.869997,80300,5.132734
2009-02-06,18.479982,19.330008,18.46,19.149986,210200,5.208892
2009-02-05,18.329996,19.069999,18.110014,18.650014,181100,5.072897
2009-02-04,18.329996,18.990011,18.329996,18.420007,164900,5.010335
2009-02-03,18.08001,18.669993,17.959994,18.380014,340200,4.999456
2009-02-02,17.929992,18.120003,17.549999,17.970019,438000,4.887935
2009-01-30,18.510018,18.639991,17.999989,18.120003,203100,4.928732
2009-01-29,19.000002,19.000002,18.150007,18.269989,150000,4.969529
2009-01-28,18.760004,19.509997,18.599996,19.16001,337500,5.211619
2009-01-27,18.129994,18.790009,17.640011,18.479982,265500,5.026648
2009-01-26,17.110002,18.229996,17.01,18.009978,384000,4.898805
2009-01-23,17.110002,17.700019,16.870005,17.140004,233100,4.662167
2009-01-22,18.240019,18.250009,17.170009,17.55999,194400,4.776406
2009-01-21,17.410006,18.479982,16.700007,18.420007,451100,5.010335
2009-01-20,18.609986,18.699998,17.070007,17.129982,395100,4.659441
2009-01-16,18.469991,18.969997,18.08001,18.960008,371400,5.157218
2009-01-15,18.269989,18.739991,17.430019,18.730002,461700,5.094655
2009-01-14,18.969997,19.039995,18.09999,18.279978,487400,4.972246
2009-01-13,19.790021,19.790021,19.000002,19.209994,429900,5.225215
2009-01-12,20.019994,20.130018,19.640003,19.790021,485300,5.382985
2009-01-09,20.550004,20.689999,19.500008,20.099982,677300,5.467296
2009-01-08,20.369982,20.559993,20.010005,20.410009,387600,5.551625
2009-01-07,20.699988,20.699988,19.989989,20.299984,588800,5.521698
2009-01-06,20.999992,21.140021,20.659995,20.899992,799200,5.684903
2009-01-05,20.820004,21.129997,20.000014,20.929995,1258400,5.693064
2009-01-02,21.179981,21.179981,20.439979,20.880011,615600,5.679468
2008-12-31,21.280017,21.739996,20.789999,20.880011,1036400,5.679468
2008-12-30,20.920006,21.199994,20.040007,21.199994,644900,5.766505
2008-12-29,20.310007,21.010017,19.740003,20.729993,448800,5.638662
2008-12-26,20.52,20.709979,20.080001,20.459993,327600,5.565221
2008-12-24,19.899978,20.439979,19.629978,20.33002,99500,5.529868
2008-12-23,20.870022,20.999992,19.600008,19.840005,800100,5.396581
2008-12-22,20.33002,20.720002,19.689987,20.689999,552300,5.627784
2008-12-19,19.910003,20.359991,19.16001,20.140009,832200,5.478184
2008-12-18,19.940007,20.180002,19.17999,19.300006,428900,5.249699
2008-12-17,20.140009,20.769986,19.540001,19.870009,630000,5.404742
2008-12-16,19.579994,20.600022,19.050019,20.540013,599600,5.586987
2008-12-15,20.280004,20.400018,18.639991,19.200004,356000,5.222498
2008-12-12,17.980009,20.569984,17.000011,20.229986,540200,5.502658
2008-12-11,20.319998,20.709979,17.999989,18.290003,575700,4.974973
2008-12-10,20.029984,20.999992,19.749994,20.629991,752600,5.611461
2008-12-09,21.169992,21.280017,19.279992,19.810001,1249700,5.344897
2008-12-08,20.569984,21.269992,20.000014,21.190005,817700,5.717233
2008-12-05,18.699998,20.610011,18.159998,20.000014,1037400,5.396164
2008-12-04,19.219983,20.000014,18.190001,18.980022,321900,5.120962
2008-12-03,18.299993,19.689987,18.299993,19.520021,473900,5.266658
2008-12-02,17.780006,18.920013,16.600005,18.830002,786300,5.080485
2008-12-01,18.769995,19.919992,17.070007,17.300013,544100,4.667682
2008-11-28,18.780018,19.819991,18.440021,19.039995,140400,5.137143
2008-11-26,17.049993,19.060008,17.049993,19.060008,531500,5.142543
2008-11-25,17.659992,17.680005,17.030013,17.55999,1081400,4.737826
2008-11-24,16.179985,17.510006,16.02001,17.360022,687800,4.683873
2008-11-21,15.979983,16.530007,14.740009,15.869992,608400,4.281851
2008-11-20,16.160006,16.879995,15.299989,15.66,428600,4.225193
2008-11-19,17.370011,17.780006,16.160006,16.20999,364500,4.373585
2008-11-18,16.589982,17.700019,16.080019,17.360022,396900,4.683873
2008-11-17,16.479989,17.310004,16.260008,16.560012,692100,4.468023
2008-11-14,17.610008,17.999989,16.500003,16.600005,450900,4.478814
2008-11-13,17.989999,18.620009,17.000011,18.040016,723200,4.867341
2008-11-12,19.230008,19.230008,17.759992,17.880008,488300,4.824169
2008-11-11,20.319998,20.589997,19.100002,19.349988,823100,5.220781
2008-11-10,19.479994,21.369994,19.440001,20.459993,776300,5.52027
2008-11-07,18.590007,19.500008,18.129994,19.089979,280800,5.150629
2008-11-06,17.72999,19.069999,17.059984,18.35001,445500,4.950979
2008-11-05,17.850003,19.689987,17.589994,17.789996,911300,4.799883
2008-11-04,17.999989,17.999989,17.119991,17.529986,279500,4.72973
2008-11-03,16.449987,17.889997,16.369999,17.700019,393800,4.775607
2008-10-31,14.950001,16.509994,14.769978,16.490014,374100,4.449138
2008-10-30,15.529995,15.579979,14.829987,14.969982,223700,4.039021
2008-10-29,15.420004,15.709984,14.810007,14.980005,275600,4.041725
2008-10-28,13.169993,15.309979,13.099995,15.210011,337700,4.103783
2008-10-27,14.170006,15.340016,12.790001,12.920006,268200,3.485921
2008-10-24,14.000006,14.85,13.509991,14.31999,365100,3.863648
2008-10-23,14.489989,15.359996,14.240003,14.710005,244400,3.968877
2008-10-22,14.649998,15.229991,14.30001,14.489989,141300,3.909515
2008-10-21,15.579979,15.720008,15.010009,15.12,84600,4.079497
2008-10-20,15.54002,15.880017,15.099986,15.779981,211500,4.257565
2008-10-17,15.590002,16.890018,15.140014,15.350006,349700,4.141554
2008-10-16,14.330014,16.360009,14.009997,16.360009,309800,4.414061
2008-10-15,15.470022,16.160006,14.03001,14.30001,263300,3.858257
2008-10-14,17.469979,17.469979,15.350006,15.790006,339800,4.26027
2008-10-13,16.970007,17.489992,15.169984,16.560012,553100,4.468023
2008-10-10,13.409989,16.479989,13.009984,16.130003,688700,4.352004
2008-10-09,15.729997,16.179985,14.219988,14.30001,409200,3.858257
2008-10-08,14.610003,15.999997,14.379997,15.340016,504200,4.138859
2008-10-07,16.690016,17.01,15.099986,15.220002,404300,4.106478
2008-10-06,16.439996,16.929979,15.459997,16.47,299700,4.443738
2008-10-03,18.170021,18.599996,16.929979,17.030013,387600,4.594834
2008-10-02,18.650014,19.000002,17.770017,17.780006,418700,4.797188
2008-10-01,18.09,18.839993,17.72999,18.839993,422700,5.083181
2008-09-30,17.999989,18.46,17.619997,18.190001,405900,4.907808
2008-09-29,18.749982,18.860006,17.170009,17.799986,380000,4.802578
2008-09-26,18.920013,19.190013,18.390004,19.120017,355700,5.158733
2008-09-25,19.149986,20.080001,18.90999,19.349988,322200,5.220781
2008-09-24,19.460014,21.269992,18.790009,18.960008,387500,5.115562
2008-09-23,20.979979,20.979979,19.279992,19.460014,585200,5.250467
2008-09-22,21.469996,21.499998,20.499986,20.909981,491000,5.64168
2008-09-19,20.720002,22.479997,20.720002,21.499998,1058600,5.800871
2008-09-18,18.710022,19.590019,17.999989,19.320019,762300,5.212696
2008-09-17,19.629978,19.910003,18.320007,18.339987,602700,4.948275
2008-09-16,18.46,20.299984,18.009978,19.879998,352500,5.363782
2008-09-15,19.190013,20.340011,18.569993,18.639991,230400,5.029218
2008-09-12,19.70001,20.070011,19.200004,19.759985,144600,5.331402
2008-09-11,19.16001,19.889989,19.000002,19.840005,337700,5.352992
2008-09-10,19.470003,19.660016,19.089979,19.43001,335000,5.242372
2008-09-09,20.310007,20.450002,19.079988,19.079988,240500,5.147933
2008-09-08,19.790021,20.240009,18.510018,20.240009,255200,5.460916
2008-09-05,19.849996,19.870009,19.050019,19.419986,222900,5.239667
2008-09-04,20.569984,20.810013,19.98,19.98,276900,5.390764
2008-09-03,21.269992,21.360003,20.52,20.740015,409200,5.595822
2008-09-02,21.830007,21.87,20.78001,21.290006,279000,5.744214
2008-08-29,21.32001,21.860009,21.150012,21.360003,571700,5.7631
2008-08-28,20.759997,21.769998,20.759997,21.490009,357800,5.798176
2008-08-27,20.189993,20.789999,19.619989,20.680009,189200,5.579632
2008-08-26,19.989989,20.470016,19.899978,20.099982,275000,5.423136
2008-08-25,21.32001,21.32001,19.98,20.060021,203100,5.412354
2008-08-22,20.79999,21.499998,20.510011,21.410021,137700,5.776595
2008-08-21,20.950008,21.090003,20.52999,20.709979,154100,5.587718
2008-08-20,20.929995,21.260003,20.699988,21.090003,275000,5.690251
2008-08-19,21.249978,21.249978,20.699988,20.839984,490100,5.622794
2008-08-18,21.979991,22.200007,21.299996,21.469996,216900,5.792776
2008-08-15,22.479997,22.900017,21.730005,21.979991,414000,5.930377
2008-08-14,22.760021,22.999983,21.930007,22.119986,563600,5.968149
2008-08-13,21.550016,22.950001,21.129997,22.849999,825000,6.165112
2008-08-12,21.719982,21.750018,21.05001,21.630003,455900,5.835948
2008-08-11,21.550016,21.919984,20.259991,21.750018,571700,5.868329
2008-08-08,19.609999,21.700001,19.339999,21.660007,704300,5.844043
2008-08-07,19.530012,19.590019,18.390004,19.590019,503700,5.285544
2008-08-06,18.990011,19.98,18.450011,19.579994,577100,5.282839
2008-08-05,17.859994,18.129994,17.360022,18.020003,612200,4.861941
2008-08-04,18.819979,18.819979,17.680005,17.780006,423200,4.797188
2008-08-01,19.089979,19.300006,18.390004,18.869997,239000,5.091276
2008-07-31,18.760004,19.440001,18.760004,19.009991,435600,5.129047
2008-07-30,19.000002,19.279992,18.050005,19.039995,259200,5.137143
2008-07-29,18.170021,18.949984,18.159998,18.879986,357300,5.093971
2008-07-28,18.850016,18.990011,17.750003,18.129994,292200,4.891617
2008-07-25,18.229996,19.70001,17.219993,18.930004,344300,5.107466
2008-07-24,18.529998,18.529998,17.889997,18.110014,281400,4.886227
2008-07-23,18.290003,18.529998,17.980009,18.440021,381600,4.975265
2008-07-22,18.029992,18.479982,17.389991,18.279978,479400,4.932084
2008-07-21,17.270011,18.390004,17.210002,18.229996,761400,4.918599
2008-07-18,17.28999,17.529986,16.779993,17.249997,349700,4.654187
2008-07-17,17.419995,18.190001,16.989986,17.329984,251100,4.675768
2008-07-16,16.960016,17.54001,16.700007,17.349997,404300,4.681168
2008-07-15,16.789984,17.329984,16.760014,16.909998,359700,4.562453
2008-07-14,17.329984,18.299993,16.820021,16.970007,331400,4.578643
2008-07-11,17.759992,17.759992,16.690016,17.199979,464600,4.640692
2008-07-10,17.329984,17.959994,16.879995,17.880008,542700,4.824169
2008-07-09,17.970019,18.399994,17.380001,17.380001,377300,4.689263
2008-07-08,17.999989,18.440021,17.82999,17.999989,573000,4.856541
2008-07-07,18.09999,18.490005,17.680005,18.159998,265200,4.899713
2008-07-03,18.240019,18.269989,17.640011,18.059996,147200,4.872731
2008-07-02,19.139997,19.730014,17.939981,18.190001,496100,4.907808
2008-07-01,18.920013,19.230008,18.440021,19.17999,389700,5.174915
2008-06-30,20.259991,20.259991,18.90999,19.260011,488900,5.196505
2008-06-27,18.90999,19.849996,18.819979,19.379992,692600,5.228877
2008-06-26,19.400006,19.649992,18.699998,18.990011,543600,5.123657
2008-06-25,19.390017,20.210007,19.390017,19.740003,854700,5.326011
2008-06-24,19.740003,19.899978,19.379992,19.379992,505500,5.228877
2008-06-23,20.049998,20.110005,19.70001,19.899978,312800,5.369173
2008-06-20,20.159989,20.52999,19.600008,19.919992,319200,5.374573
2008-06-19,19.460014,20.25,19.44999,20.240009,283700,5.460916
2008-06-18,19.740003,19.749994,19.030004,19.509997,352500,5.263953
2008-06-17,20.350002,20.540013,19.779998,19.879998,542300,5.363782
2008-06-16,20.850008,21.430001,20.060021,20.299984,689100,5.477098
2008-06-13,21.010017,21.32001,20.850008,21.239989,426800,5.730719
2008-06-12,21.179981,21.499998,20.189993,20.999992,418100,5.665966
2008-06-11,21.469996,21.909993,20.959999,20.969988,383600,5.65787
2008-06-10,21.439992,21.820016,21.420012,21.569996,546300,5.819757
2008-06-09,21.59001,22.090016,21.399998,21.690012,348300,5.808967
2008-06-06,22.819995,22.819995,21.560007,21.560007,444300,5.774149
2008-06-05,22.41999,22.980003,22.270004,22.919996,317300,6.138378
2008-06-04,21.350014,22.41,21.33999,22.309999,482900,5.975011
2008-06-03,20.79999,21.480019,20.410009,21.390007,296300,5.728621
2008-06-02,21.039986,21.090003,20.380005,20.680009,706100,5.53847
2008-05-30,21.239989,21.239989,20.769986,21.020006,411800,5.629528
2008-05-29,20.610011,21.299996,20.280004,21.229999,395700,5.685767
2008-05-28,20.789999,20.829994,20.310007,20.629991,289500,5.525075
2008-05-27,20.130018,20.680009,19.889989,20.629991,318200,5.525075
2008-05-23,20.200016,20.259991,20.000014,20.070011,401600,5.375102
2008-05-22,19.899978,20.480006,19.879998,20.259991,351200,5.425982
2008-05-21,19.97001,20.299984,19.500008,19.870009,330000,5.321538
2008-05-20,19.870009,20.049998,19.660016,19.98,375900,5.350996
2008-05-19,19.879998,20.180002,19.440001,19.989989,509600,5.353671
2008-05-16,20.489995,20.489995,19.100002,19.930016,455100,5.337609
2008-05-15,20.859997,20.999992,20.159989,20.389995,424100,5.4608
2008-05-14,20.559993,21.410021,19.600008,20.880011,340800,5.592034
2008-05-13,20.130018,20.540013,19.330008,20.450002,397500,5.476871
2008-05-12,20.310007,20.629991,19.870009,20.110005,393800,5.385813
2008-05-09,18.990011,20.389995,18.960008,20.25,343500,5.423306
2008-05-08,18.199991,19.300006,17.950005,19.019981,370100,5.093886
2008-05-07,18.399994,18.409984,17.929992,18.180012,237200,4.868927
2008-05-06,18.490005,18.830002,18.369989,18.560002,176900,4.970695
2008-05-05,18.609986,18.980022,18.339987,18.560002,217500,4.970695
2008-05-02,19.279992,19.43001,18.590007,18.609986,236900,4.984082
2008-05-01,18.050005,19.239997,18.040016,19.079988,294300,5.109957
2008-04-30,18.310016,19.139997,17.999989,18.08001,236900,4.842145
2008-04-29,18.339987,18.36,18.009978,18.329996,278700,4.909096
2008-04-28,18.710022,18.710022,18.279978,18.36,240300,4.917131
2008-04-25,18.749982,19.030004,18.339987,18.769995,168800,5.026935
2008-04-24,18.429998,18.860006,17.989999,18.650014,177800,4.994802
2008-04-23,18.539989,18.539989,18.009978,18.380014,236900,4.922491
2008-04-22,19.030004,19.030004,18.129994,18.450011,208100,4.941238
2008-04-21,19.219983,19.500008,19.039995,19.130006,210800,5.123352
2008-04-18,19.190013,19.400006,19.079988,19.339999,189000,5.179592
2008-04-17,18.839993,19.230008,18.749982,18.799999,152700,5.034971
2008-04-16,17.939981,18.939993,17.939981,18.890011,184500,5.059077
2008-04-15,17.680005,17.920001,17.500017,17.759992,262800,4.756439
2008-04-14,17.580004,17.869983,17.469979,17.599983,242600,4.713585
2008-04-11,18.250009,18.479982,17.610008,17.619997,169400,4.718945
2008-04-10,18.520009,18.679984,18.339987,18.479982,229100,4.949264
2008-04-09,19.309995,19.379992,18.440021,18.549979,342900,4.968011
2008-04-08,18.599996,19.609999,18.599996,19.320019,320100,5.174241
2008-04-07,18.949984,19.359979,18.339987,18.710022,162000,5.010873
2008-04-04,19.379992,19.44999,18.730002,19.109993,138300,5.117992
2008-04-03,19.649992,19.889989,19.139997,19.409997,427500,5.198339
2008-04-02,20.450002,20.450002,19.44999,19.899978,361800,5.329564
2008-04-01,20.319998,20.839984,20.180002,20.499986,482100,5.490257
2008-03-31,19.660016,20.489995,19.660016,20.029984,397500,5.364382
2008-03-28,19.840005,20.000014,19.390017,19.559981,341100,5.238507
2008-03-27,20.620002,20.620002,19.730014,19.770007,228200,5.294756
2008-03-26,20.060021,20.750006,19.570005,20.52,318800,5.495617
2008-03-25,19.579994,20.25,19.320019,20.140009,291200,5.393849
2008-03-24,18.969997,19.840005,18.549979,19.549992,352400,5.235832
2008-03-20,18.199991,19.009991,17.910012,18.860006,860600,5.051042
2008-03-19,18.520009,19.039995,17.889997,17.929992,400500,4.801967
2008-03-18,17.770017,18.369989,17.519997,18.369989,422700,4.919806
2008-03-17,16.730009,17.950005,16.730009,17.300013,475400,4.633248
2008-03-14,17.459988,17.710008,16.909998,17.199979,357300,4.606457
2008-03-13,16.589982,17.440008,16.589982,17.319993,323300,4.638599
2008-03-12,17.340008,17.820001,16.820021,16.820021,331400,4.504698
2008-03-11,17.469979,17.959994,17.000011,17.710008,209400,4.743052
2008-03-10,17.619997,17.650001,16.960016,16.960016,111300,4.542191
2008-03-07,17.110002,18.129994,17.000011,17.519997,347900,4.692164
2008-03-06,17.640011,17.640011,17.119991,17.259986,191900,4.622528
2008-03-05,17.959994,18.279978,17.230016,17.739979,252500,4.751079
2008-03-04,16.630009,18.029992,16.630009,17.840014,417800,4.77787
2008-03-03,16.350019,17.340008,16.319981,16.820021,190400,4.504698
2008-02-29,16.420016,16.770004,16.350019,16.509994,236300,4.421667
2008-02-28,16.929979,17.049993,16.46001,16.550021,285800,4.432387
2008-02-27,17.489992,17.630021,16.870005,17.079997,135900,4.574324
2008-02-26,17.230016,17.739979,16.929979,17.700019,151400,4.740377
2008-02-25,16.820021,17.489992,16.820021,17.380001,88700,4.65467
2008-02-22,17.040004,17.110002,16.649989,16.800007,222000,4.499338
2008-02-21,17.500017,17.650001,16.890018,16.979996,122900,4.547542
2008-02-20,17.129982,17.500017,17.000011,17.449999,139200,4.673417
2008-02-19,16.940002,17.589994,16.940002,17.249997,156800,4.619853
2008-02-15,17.030013,17.469979,16.690016,16.709996,576600,4.475231
2008-02-14,18.029992,18.029992,16.779993,17.149995,730400,4.593071
2008-02-13,17.680005,18.009978,17.259986,17.989999,600800,4.818038
2008-02-12,17.689995,17.789996,17.28,17.469979,95900,4.678768
2008-02-11,17.710008,17.739979,17.160018,17.589994,112100,4.71091
2008-02-08,18.699998,18.699998,17.399981,17.669981,178200,4.732332
2008-02-07,17.619997,18.90,17.55999,18.739991,459900,5.018899
2008-02-06,17.110002,17.82999,17.110002,17.689995,198500,4.737692
2008-02-05,17.430019,18.450011,16.859982,16.940002,255800,4.536831
2008-02-04,18.690007,18.690007,17.149995,17.820001,220100,4.77251
2008-02-01,17.880008,18.669993,17.549999,18.639991,232200,4.992118
2008-01-31,16.479989,18.120003,16.409992,17.799986,314100,4.767149
2008-01-30,17.219993,17.680005,16.709996,16.779993,172800,4.493978
2008-01-29,17.549999,17.549999,16.690016,17.360022,98600,4.649319
2008-01-28,16.949993,17.689995,16.730009,17.469979,189000,4.678768
2008-01-25,17.030013,17.659992,16.649989,17.019991,301100,4.558253
2008-01-24,17.989999,18.190001,16.690016,16.789984,314600,4.496653
2008-01-23,16.449987,18.20998,16.139992,17.850003,324200,4.780545
2008-01-22,15.529995,17.199979,15.39,16.809998,289500,4.502013
2008-01-18,16.160006,16.700007,15.750011,15.880017,326900,4.252948
2008-01-17,17.019991,17.340008,16.099999,16.160006,224300,4.327934
2008-01-16,16.859982,17.459988,16.670003,16.929979,358400,4.534147
2008-01-15,17.219993,17.689995,16.639998,16.940002,164700,4.536831
2008-01-14,17.01,17.630021,17.01,17.500017,202700,4.686813
2008-01-11,17.770017,17.880008,16.560012,16.800007,338900,4.499338
2008-01-10,17.869983,18.429998,17.529986,17.950005,212100,4.807327
2008-01-09,17.459988,18.299993,17.270011,18.120003,245300,4.852856
2008-01-08,18.36,19.019981,17.510006,17.54001,291600,4.697524
2008-01-07,17.739979,18.760004,17.589994,18.279978,258500,4.8957
2008-01-04,17.820001,18.440021,17.489992,17.619997,354600,4.718945
2008-01-03,18.780018,19.009991,18.009978,18.009978,369500,4.823389
2008-01-02,19.819991,19.930016,18.609986,18.780018,247100,5.029619
2007-12-31,20.149998,20.639981,19.649992,19.819991,321900,5.308143
2007-12-28,20.499986,21.080014,19.570005,20.33002,151200,5.444737
2007-12-27,21.080014,21.309987,20.119995,20.240009,216600,5.420631
2007-12-26,21.739996,21.789978,20.969988,21.109983,288200,5.653625
2007-12-24,21.099994,21.960011,20.019994,21.960011,155400,5.881278
2007-12-21,20.389995,21.099994,20.210007,21.099994,526700,5.65095
2007-12-20,20.019994,20.130018,19.400006,20.060021,269600,5.372427
2007-12-19,20.000014,20.049998,19.629978,19.829981,348500,5.310818
2007-12-18,19.600008,20.130018,19.379992,20.040007,216000,5.367067
2007-12-17,18.599996,20.119995,18.599996,19.400006,464400,5.195663
2007-12-14,19.239997,19.239997,18.739991,18.749982,231500,5.021575
2007-12-13,19.149986,19.470003,18.819979,19.44999,200700,5.20905
2007-12-12,19.400006,19.409997,18.939993,19.270001,339000,5.160846
2007-12-11,19.149986,19.390017,18.799999,18.799999,344300,5.034971
2007-12-10,19.190013,19.44999,18.609986,19.079988,440100,5.067104
2007-12-07,19.800012,19.800012,18.760004,19.130006,417200,5.080387
2007-12-06,18.90,19.749994,18.790009,19.749994,404600,5.245038
2007-12-05,18.549979,19.109993,18.450011,18.90999,339000,5.021957
2007-12-04,18.539989,18.830002,18.150007,18.240019,395700,4.844031
2007-12-03,19.030004,19.100002,18.699998,18.749982,137700,4.979463
2007-11-30,19.000002,19.400006,18.949984,19.030004,334100,5.053829
2007-11-29,18.949984,19.069999,18.499995,18.949984,306000,5.032578
2007-11-28,18.569993,19.009991,18.329996,19.009991,389400,5.048514
2007-11-27,17.900021,18.949984,17.340008,18.329996,679200,4.867927
2007-11-26,18.760004,19.250022,17.739979,17.770017,422600,4.719212
2007-11-23,18.290003,19.050019,18.220005,18.790009,118800,4.990093
2007-11-21,17.959994,18.90,17.959994,17.999989,422100,4.780286
2007-11-20,17.959994,18.229996,17.659992,18.150007,472500,4.820127
2007-11-19,18.180012,18.980022,17.650001,17.959994,292500,4.769665
2007-11-16,18.310016,18.580016,17.999989,18.310016,430200,4.862621
2007-11-15,18.510018,18.569993,18.180012,18.220005,338900,4.838716
2007-11-14,18.690007,18.690007,18.199991,18.520009,492800,4.918389
2007-11-13,18.490005,18.749982,18.110014,18.539989,790400,4.923695
2007-11-12,17.850003,18.860006,17.55999,18.279978,378000,4.854644
2007-11-09,17.049993,18.009978,17.049993,17.799986,438300,4.727171
2007-11-08,16.840002,17.680005,16.840002,17.319993,422600,4.599699
2007-11-07,16.800007,17.149995,15.999997,16.719987,554100,4.440354
2007-11-06,16.539998,17.459988,16.509994,17.419995,179100,4.626256
2007-11-05,17.040004,17.319993,16.509994,16.600005,178800,4.40849
2007-11-02,17.129982,17.319993,16.730009,17.270011,332700,4.586425
2007-11-01,18.009978,18.129994,17.000011,17.019991,411800,4.520027
2007-10-31,17.780006,18.35001,17.630021,18.259998,166200,4.849338
2007-10-30,17.820001,17.820001,17.500017,17.669981,231800,4.692646
2007-10-29,17.999989,18.409984,17.72999,17.81001,151400,4.729833
2007-10-26,17.000011,18.040016,16.830011,17.789996,337700,4.724518
2007-10-25,17.019991,17.519997,16.749989,16.749989,370500,4.448322
2007-10-24,17.000011,17.119991,16.550021,17.019991,214800,4.520027
2007-10-23,16.940002,17.219993,16.74,17.01,495600,4.517373
2007-10-22,17.160018,17.580004,16.550021,16.840002,648000,4.472227
2007-10-19,17.81001,18.180012,17.329984,17.380001,316800,4.615635
2007-10-18,18.939993,19.000002,17.889997,18.150007,505800,4.820127
2007-10-17,19.749994,19.770007,18.580016,19.019981,195000,5.051167
2007-10-16,19.870009,19.870009,19.270001,19.549992,176400,5.191923
2007-10-15,20.25,20.25,19.520021,19.899978,149400,5.28487
2007-10-12,20.070011,20.400018,19.959987,20.25,48600,5.377825
2007-10-11,20.689999,20.769986,19.930016,20.080001,225000,5.332678
2007-10-10,20.759997,20.759997,20.359991,20.550004,141000,5.457498
2007-10-09,20.600022,20.950008,20.189993,20.789999,264600,5.521234
2007-10-08,20.589997,20.859997,20.299984,20.470016,114800,5.436255
2007-10-05,20.709979,20.999992,20.410009,20.709979,256500,5.499983
2007-10-04,20.16998,20.610011,20.080001,20.569984,137000,5.462804
2007-10-03,20.350002,20.569984,20.049998,20.130018,195800,5.345962
2007-10-02,20.000014,20.52999,19.919992,20.429989,455900,5.425625
2007-10-01,19.689987,20.049998,19.559981,20.000014,182300,5.311436
2007-09-28,20.110005,20.400018,19.579994,19.730014,154800,5.239732
2007-09-27,20.389995,20.569984,19.910003,20.16998,201200,5.356574
2007-09-26,19.749994,20.600022,19.600008,20.259991,240500,5.380479
2007-09-25,20.389995,20.580008,19.500008,19.579994,147300,5.199891
2007-09-24,20.880011,21.330001,20.200016,20.499986,225600,5.444215
2007-09-21,20.899992,21.260003,20.769986,20.920006,349700,5.55576
2007-09-20,20.52999,20.850008,20.219996,20.720002,227400,5.502645
2007-09-19,20.429989,21.199994,20.029984,20.789999,270200,5.521234
2007-09-18,18.930004,20.480006,18.529998,20.450002,239900,5.43094
2007-09-17,18.739991,19.270001,18.440021,18.839993,288200,5.003368
2007-09-14,19.000002,19.000002,18.399994,18.609986,303900,4.942284
2007-09-13,19.579994,19.740003,19.009991,19.260011,172400,5.114912
2007-09-12,19.530012,19.860019,19.400006,19.440001,158100,5.162713
2007-09-11,19.520021,19.649992,19.379992,19.619989,158000,5.210513
2007-09-10,20.319998,20.369982,19.089979,19.460014,337500,5.168028
2007-09-07,20.369982,20.480006,20.019994,20.210007,193100,5.367204
2007-09-06,20.79999,21.059999,20.499986,20.689999,166200,5.494677
2007-09-05,22.200007,22.200007,20.299984,20.689999,537900,5.494677
2007-09-04,20.959999,22.349993,20.829994,22.329979,305300,5.930209
2007-08-31,20.670019,21.099994,20.159989,20.940019,147300,5.561075
2007-08-30,20.149998,20.729993,20.149998,20.33002,101300,5.399077
2007-08-29,20.000014,20.450002,19.759985,20.419999,200000,5.422973
2007-08-28,20.789999,20.829994,19.790021,19.879998,199100,5.279564
2007-08-27,20.540013,21.199994,20.130018,20.909981,175500,5.553098
2007-08-24,20.099982,20.639981,20.089991,20.540013,204500,5.454845
2007-08-23,21.60,21.60,19.930016,20.110005,590000,5.340647
2007-08-22,21.160001,21.750018,20.929995,21.460005,182900,5.699169
2007-08-21,30.770027,31.830012,30.590004,31.369983,112200,5.553985
2007-08-20,32.05003,32.05003,30.749979,31.020013,249000,5.492024
2007-08-17,32.669983,32.779991,31.240029,32.000012,288500,5.66553
2007-08-16,30.270004,31.199985,29.490025,30.700012,571200,5.435368
2007-08-15,30.380011,31.649991,30.380011,30.559984,273300,5.410576
2007-08-14,31.779997,32.090023,30.749979,30.760002,303000,5.445989
2007-08-13,32.23,33.640008,31.649991,31.720004,271500,5.615955
2007-08-10,31.969992,32.929994,30.090031,32.220028,505100,5.704484
2007-08-09,33.370025,34.860021,32.819986,33.609988,971300,5.950573
2007-08-08,34.900013,35.019996,32.730024,34.31003,897000,6.074514
2007-08-07,33.419993,34.699995,32.550001,34.51,811400,6.109918
2007-08-06,32.419998,33.399995,32.099997,33.379998,694800,5.909854
2007-08-03,33.15001,33.750016,31.769971,32.220028,402900,5.704484
2007-08-02,32.190008,33.070022,31.000015,33.070022,535500,5.854973
2007-08-01,29.65,31.410029,29.519994,31.280023,490200,5.538058
2007-07-31,30.590004,31.660014,29.630002,29.91001,293600,5.2955
2007-07-30,29.120006,30.910005,29.069988,30.199988,309800,5.34684
2007-07-27,30.120001,30.81002,29.129978,29.129978,303800,5.157397
2007-07-26,30.449976,31.550006,29.469977,30.120001,533400,5.332678
2007-07-25,31.819989,32.19998,30.060011,30.890007,439400,5.469006
2007-07-24,32.539978,32.629988,31.540034,31.609996,333000,5.596479
2007-07-23,32.819986,33.190002,32.539978,32.790014,199400,5.805398
2007-07-20,34.430012,34.45001,32.520031,32.720001,422600,5.793003
2007-07-19,34.289984,35.059988,34.119984,34.459982,313200,6.101062
2007-07-18,33.880021,34.45001,33.289987,34.019999,223700,6.023164
2007-07-17,33.940011,34.650028,33.909991,34.019999,190400,6.023164
2007-07-16,34.159979,34.269987,33.399995,33.799983,515300,5.984211
2007-07-13,33.099992,34.180025,32.560026,33.620011,605700,5.952347
2007-07-12,32.810012,32.989984,31.91,32.989984,514500,5.840803
2007-07-11,31.360011,31.519986,31.000015,31.519986,137900,5.580543
2007-07-10,31.799992,31.859984,31.060008,31.250003,131000,5.532743
2007-07-09,32.249998,32.249998,31.859984,31.989987,221600,5.663755
2007-07-06,32.000012,32.350033,31.599973,32.249998,271500,5.70979
2007-07-05,31.929997,32.069975,31.499988,32.02001,374900,5.669071
2007-07-03,32.34001,32.949989,32.289993,32.569998,135000,5.766445
2007-07-02,31.989987,32.350033,31.88003,32.23,292500,5.706249
2007-06-29,32.08,32.309988,31.689984,31.85001,268200,5.638973
2007-06-28,32.05003,32.119992,31.85001,32.029982,303800,5.670836
2007-06-27,31.219983,32.190008,31.150018,32.069975,584100,5.677917
2007-06-26,30.749979,31.250003,30.499994,31.10,293900,5.506185
2007-06-25,30.819995,31.119998,30.199988,30.640022,172100,5.424747
2007-06-22,31.000015,31.029987,30.309999,30.850015,437600,5.461926
2007-06-21,30.349991,31.00999,29.80,31.00999,239100,5.490249
2007-06-20,31.139995,31.139995,30.400009,30.590004,363800,5.415892
2007-06-19,29.62003,31.150018,29.460004,31.000015,511200,5.488483
2007-06-18,29.360019,29.65,29.150027,29.65,176400,5.249466
2007-06-15,29.460004,29.599982,28.999975,29.150027,308700,5.160947
2007-06-14,28.740016,29.329999,28.740016,28.999975,162000,5.13438
2007-06-13,28.850023,29.199994,28.800006,28.86997,164000,5.111363
2007-06-12,29.490025,29.550015,28.599987,28.740016,339000,5.088355
2007-06-11,29.479999,29.720013,28.780008,29.720013,116700,5.261861
2007-06-08,28.720018,29.550015,28.259989,29.420009,129600,5.208747
2007-06-07,29.169973,29.469977,28.449984,28.72999,180500,5.08658
2007-06-06,29.70999,29.70999,29.069988,29.290004,187700,5.150316
2007-06-05,30.000021,30.000021,29.550015,29.93998,208800,5.264607
2007-06-04,29.950003,30.000021,29.509971,30.000021,154800,5.275165
2007-06-01,29.790028,30.000021,29.530017,29.97,106700,5.269886
2007-05-31,29.920033,30.000021,29.080014,29.70999,233100,5.224166
2007-05-30,28.500002,30.009993,28.000029,29.80,555800,5.239993
2007-05-29,27.589967,28.680025,27.589967,28.619982,294900,5.032501
2007-05-25,28.160004,28.689998,27.579993,27.639985,375500,4.860179
2007-05-24,28.810028,29.74001,28.129984,28.720018,202500,5.050091
2007-05-23,29.700018,29.899985,28.399967,28.720018,259400,5.050091
2007-05-22,28.619982,30.400009,28.539995,29.760008,389000,5.232961
2007-05-21,27.610013,28.330002,27.610013,28.109986,331400,4.942824
2007-05-18,27.780013,28.019976,27.460013,27.679978,189600,4.867211
2007-05-17,27.990006,28.510025,27.760016,27.760016,278700,4.881285
2007-05-16,28.420015,28.659977,27.700026,28.010001,278700,4.925242
2007-05-15,30.000021,30.080008,28.199999,28.270012,242300,4.970962
2007-05-14,29.790028,30.139998,29.550015,30.019968,414000,5.278672
2007-05-11,28.980029,29.639977,28.810028,29.559987,449600,5.19779
2007-05-10,28.500002,28.980029,27.719973,28.800006,470000,5.064156
2007-05-09,27.050002,28.500002,26.999984,28.500002,1090400,5.011404
2007-05-08,25.730004,26.160013,25.299996,26.160013,87000,4.599943
2007-05-07,25.799969,25.880007,25.430001,25.629968,98100,4.50674
2007-05-04,26.030007,26.030007,25.379983,25.900002,38400,4.554223
2007-05-03,26.129992,26.24,25.639994,26.019984,76200,4.57532
2007-05-02,25.710007,26.250025,25.220008,26.080025,115400,4.585878
2007-05-01,25.249978,25.670014,24.679992,25.670014,141800,4.513782
2007-04-30,25.100028,25.100028,24.520017,24.730009,181100,4.348493
2007-04-27,26.380028,26.380028,25.149993,25.200011,78900,4.431137
2007-04-26,26.399975,26.680034,25.969967,26.489988,112700,4.657965
2007-04-25,25.849987,26.659986,25.529986,26.46999,89100,4.654449
2007-04-24,25.01999,25.929974,24.88001,25.889979,139700,4.55246
2007-04-23,24.630025,25.279998,24.630025,25.010015,108200,4.397729
2007-04-20,25.200011,25.440024,25.060033,25.100028,95400,4.413556
2007-04-19,25.400031,25.400031,24.659994,24.710012,169400,4.344977
2007-04-18,25.650017,26.099972,25.11,25.570029,145100,4.496201
2007-04-17,25.070005,25.910027,25.070005,25.710007,136500,4.520814
2007-04-16,25.180016,25.220008,24.989967,24.999992,76200,4.395966
2007-04-13,25.400031,25.400031,24.460027,24.999992,207500,4.395966
2007-04-12,25.100028,25.489991,24.79,25.489991,107300,4.482127
2007-04-11,25.959994,25.959994,24.970023,25.119972,166100,4.417063
2007-04-10,26.040033,26.18001,25.900002,25.900002,299900,4.554223
2007-04-09,25.670014,25.95002,25.310018,25.939997,93200,4.561255
2007-04-05,26.200008,26.200008,25.710007,25.719981,50900,4.522568
2007-04-04,25.650017,25.95002,25.599999,25.939997,46500,4.561255
2007-04-03,26.050005,26.050005,25.500016,25.619996,87900,4.504987
2007-04-02,26.09,26.09,25.659991,25.95002,78300,4.563018
2007-03-30,25.699984,26.579998,25.639994,26.129992,158000,4.594664
2007-03-29,25.809992,25.809992,25.159967,25.599999,216000,4.501471
2007-03-28,26.109995,26.109995,25.249978,25.589976,395700,4.499708
2007-03-27,26.500011,26.890027,26.09,26.099972,60800,4.589385
2007-03-26,26.950017,27.249969,26.579998,26.599996,59600,4.677309
2007-03-23,27.500005,27.500005,26.760021,26.840009,131600,4.719512
2007-03-22,27.089994,27.670006,27.089994,27.59999,115400,4.853147
2007-03-21,27.140012,27.469985,26.840009,26.979986,122900,4.744126
2007-03-20,26.959989,27.249969,26.809989,27.050002,83300,4.756437
2007-03-19,26.869979,27.460013,26.609968,26.869979,164300,4.724782
2007-03-16,28.199999,28.199999,26.739973,26.749996,357800,4.703685
2007-03-15,27.789986,28.84,27.789986,28.270012,301700,4.970962
2007-03-14,25.379983,27.899994,24.999992,27.899994,211500,4.905899
2007-03-13,26.010012,26.26997,24.549986,24.690015,198500,4.34146
2007-03-12,26.52998,26.52998,26.040033,26.040033,87300,4.578846
2007-03-09,26.14999,26.720026,26.109995,26.339985,78900,4.631589
2007-03-08,26.279995,26.850032,25.679986,26.050005,118400,4.580599
2007-03-07,26.229977,26.959989,25.489991,26.010012,119400,4.573567
2007-03-06,26.12002,26.350008,25.999987,26.29999,131600,4.624556
2007-03-05,26.999984,26.999984,25.740027,25.740027,323300,4.526093
2007-03-02,27.440015,27.440015,27.129989,27.180005,252500,4.779297
2007-03-01,27.520003,27.749993,27.330007,27.549972,234900,4.844352
2007-02-28,27.690001,27.769988,27.100017,27.769988,258000,4.883039
2007-02-27,28.120012,28.800006,27.749993,27.749993,236300,4.879523
2007-02-26,28.559992,28.559992,28.189974,28.369997,91400,4.988544
2007-02-23,28.55002,28.55002,28.180002,28.340027,121700,4.983274
2007-02-22,29.080014,29.280032,28.359974,28.709995,216000,5.048328
2007-02-21,29.250012,29.299979,28.749988,28.990001,220100,5.097564
2007-02-20,28.369997,29.700018,28.049996,29.499997,266600,5.187241
2007-02-16,28.559992,28.599987,28.199999,28.389994,65000,4.99206
2007-02-15,28.460007,28.470033,28.100014,28.38002,118800,4.990306
2007-02-14,28.369997,28.440012,28.000029,28.35,309800,4.985027
2007-02-13,27.930014,28.500002,27.899994,28.259989,503100,4.9692
2007-02-12,27.899994,27.950011,27.59999,27.919991,122900,4.909415
2007-02-09,27.870024,27.939988,27.589967,27.860001,72200,4.898867
2007-02-08,27.59999,27.939988,27.270017,27.939988,67100,4.912931
2007-02-07,27.749993,27.749993,27.149984,27.589967,28500,4.851384
2007-02-06,27.389997,27.729996,27.169982,27.719973,48600,4.874244
2007-02-05,27.800011,27.800011,27.16001,27.27999,75800,4.796878
2007-02-02,27.910019,27.950011,27.650008,27.800011,75200,4.888318
2007-02-01,27.549972,27.939988,27.549972,27.879998,77100,4.902383
2007-01-31,27.230022,27.889971,27.02003,27.48001,114800,4.832049
2007-01-30,27.610013,27.780013,27.330007,27.650008,57600,4.861942
2007-01-29,27.59999,27.979981,27.330007,27.500005,89100,4.835565
2007-01-26,27.830031,27.830031,26.880001,27.709998,80300,4.87249
2007-01-25,27.899994,27.990006,27.549972,27.830031,201300,4.893597
2007-01-24,27.050002,27.930014,27.050002,27.889971,81900,4.904136
2007-01-23,26.569975,27.079971,26.569975,26.939991,45900,4.737093
2007-01-22,27.200002,27.200002,26.449993,26.500011,127800,4.659728
2007-01-19,26.480013,27.59999,26.26997,27.48001,140000,4.832049
2007-01-18,27.579993,27.579993,26.500011,26.550029,131900,4.668523
2007-01-17,27.879998,28.149981,27.630011,27.690001,312800,4.868974
2007-01-16,28.160004,28.279987,27.870024,27.919991,194600,4.909415
2007-01-12,27.120015,28.369997,27.120015,27.990006,392900,4.921726
2007-01-11,26.659986,27.19003,26.590021,27.19003,54900,4.78106
2007-01-10,26.380028,26.639988,26.26997,26.509983,80300,4.661481
2007-01-09,26.630016,26.670009,26.229977,26.579998,87900,4.673792
2007-01-08,26.310015,26.749996,25.650017,26.500011,106200,4.659728
2007-01-05,26.779966,27.200002,26.160013,26.250025,235800,4.61577
2007-01-04,26.52998,27.200002,25.999987,26.959989,99500,4.74061
2007-01-03,26.520008,26.659986,26.099972,26.630016,146700,4.682588
2006-12-29,27.31001,27.370002,26.140015,26.279995,117500,4.62104
2006-12-28,26.809989,27.44999,26.809989,27.259992,41900,4.793362
2006-12-27,25.929974,27.060025,25.929974,26.860004,67700,4.723028
2006-12-26,25.209985,25.789994,25.209985,25.789994,41400,4.534879
2006-12-22,25.319993,25.799969,25.030013,25.679986,48600,4.515536
2006-12-21,24.509991,25.359986,24.509991,25.359986,144000,4.459267
2006-12-20,24.509991,24.679992,24.179968,24.260006,111300,4.265848
2006-12-19,24.410009,24.860015,24.110003,24.529989,180500,4.313321
2006-12-18,26.290018,26.380028,24.520017,24.630025,150800,4.330912
2006-12-15,26.979986,27.389997,26.29999,26.41,204800,4.6439
2006-12-14,26.109995,27.500005,25.95002,26.880001,154800,4.726545
2006-12-13,27.440015,27.440015,26.010012,26.29999,119700,4.624556
2006-12-12,26.609968,27.50998,26.319988,27.140012,91100,4.772265
2006-12-11,27.709998,27.789986,26.739973,26.789991,69800,4.710717
2006-12-08,27.570021,27.749993,27.44999,27.749993,55500,4.844352
2006-12-07,27.959986,28.010001,27.700026,27.860001,149100,4.863556
2006-12-06,28.219994,28.250015,27.619988,27.740019,179100,4.84261
2006-12-05,27.789986,28.199999,27.660031,27.800011,166100,4.853083
2006-12-04,27.979981,28.010001,27.579993,28.000029,137000,4.888001
2006-12-01,28.000029,28.000029,26.500011,27.879998,155300,4.867047
2006-11-30,27.02003,28.000029,27.02003,27.919991,159300,4.874028
2006-11-29,25.939997,26.999984,25.849987,26.999984,147200,4.713422
2006-11-28,25.829989,26.820011,25.619996,25.650017,172400,4.477756
2006-11-27,27.500005,27.729996,25.719981,25.849987,157200,4.512665
2006-11-24,27.679978,28.160004,27.50998,28.089989,40700,4.903705
2006-11-22,28.000029,28.000029,27.830031,27.910019,28500,4.872288
2006-11-21,27.970009,28.140007,27.570021,28.000029,87900,4.888001
2006-11-20,28.000029,28.500002,27.789986,28.049996,51900,4.896724
2006-11-17,28.369997,28.369997,27.530026,27.919991,72900,4.874028
2006-11-16,28.810028,28.939983,27.879998,28.369997,217500,4.952586
2006-11-15,27.48001,29.299979,27.48001,29.009998,208500,5.064312
2006-11-14,27.500005,28.86997,26.860004,28.850023,128400,5.036385
2006-11-13,26.030007,27.500005,26.030007,27.500005,220100,4.800711
2006-11-10,24.569984,26.229977,24.569984,26.109995,232200,4.558055
2006-11-09,24.999992,24.999992,24.339994,24.679992,195300,4.308418
2006-11-08,23.950028,24.900007,23.350022,24.88001,222000,4.343335
2006-11-07,21.499982,22.840026,21.499982,22.559967,218900,3.938322
2006-11-06,23.560015,23.560015,21.020007,21.589993,356600,3.768993
2006-11-03,22.73999,23.829997,22.73999,23.350022,123500,4.076243
2006-11-02,22.349977,22.750015,21.969983,22.719993,147800,3.966258
2006-11-01,23.529994,23.529994,21.280017,21.479985,228800,3.749788
2006-10-31,23.790005,23.969975,23.410012,23.410012,51900,4.086716
2006-10-30,23.059991,23.990023,23.000001,23.990023,42500,4.187969
2006-10-27,23.880015,23.880015,23.150004,23.249986,73800,4.05878
2006-10-26,23.999995,24.09998,23.610032,24.050013,72900,4.198441
2006-10-25,23.950028,23.999995,23.440032,23.990023,48800,4.187969
2006-10-24,23.69002,24.179968,23.499974,23.999995,68900,4.18971
2006-10-23,23.730013,24.019993,23.499974,23.669972,56900,4.132097
2006-10-20,23.999995,24.019993,23.83997,23.969975,33800,4.184469
2006-10-19,23.739987,24.030016,23.650025,23.960003,88400,4.182728
2006-10-18,24.050013,24.840017,23.730013,23.869992,40700,4.167015
2006-10-17,23.75001,24.149998,23.209994,23.969975,259200,4.184469
2006-10-16,24.059988,24.149998,23.909985,23.990023,95100,4.187969
2006-10-13,24.130001,24.139975,23.900013,23.929982,395100,4.177487
2006-10-12,23.950028,24.339994,23.799977,23.990023,116700,4.187969
2006-10-11,23.81,23.999995,23.620005,23.739987,53600,4.14432
2006-10-10,23.999995,24.09998,23.669972,23.829997,129800,4.160033
2006-10-09,23.83997,24.03999,23.69002,23.98,139700,4.186219
2006-10-06,24.630025,24.630025,23.940005,23.969975,200700,4.184469
2006-10-05,24.410009,24.999992,24.339994,24.970023,73100,4.359049
2006-10-04,22.960006,24.509991,22.960006,24.489996,120300,4.27525
2006-10-03,22.750015,23.390017,22.719993,23.119981,42500,4.036084
2006-10-02,23.070016,23.300004,22.73999,22.90999,116700,3.999426
2006-09-29,23.509997,23.650025,22.719993,22.810005,70200,3.981972
2006-09-28,23.889987,23.920008,23.159976,23.419986,74900,4.088457
2006-09-27,23.050019,23.75001,22.810005,23.75001,78300,4.146069
2006-09-26,22.600013,23.220016,22.540023,23.220016,55500,4.053548
2006-09-25,21.850003,22.779985,21.620013,22.640005,162900,3.952295
2006-09-22,22.289984,22.289984,21.700001,21.709975,60900,3.789938
2006-09-21,22.889993,23.130006,22.160029,22.459984,46500,3.920868
2006-09-20,23.010024,23.169999,22.340002,22.920013,129800,4.001176
2006-09-19,22.510002,23.000001,22.059996,22.750015,86000,3.971499
2006-09-18,22.569992,23.119981,22.459984,22.810005,123800,3.981972
2006-09-15,23.900013,23.909985,21.919968,22.73999,433500,3.969749
2006-09-14,23.820025,23.820025,23.629979,23.71999,58100,4.140829
2006-09-13,23.710017,23.999995,23.600007,23.999995,52800,4.18971
2006-09-12,22.359999,23.78003,22.249992,23.669972,95100,4.132097
2006-09-11,21.38,22.880018,21.38,22.240017,104600,3.882468
2006-09-08,22.399992,22.490005,21.40997,21.40997,190400,3.737566
2006-09-07,24.189991,24.250034,22.370022,22.419989,255300,3.913886
2006-09-06,24.829992,24.920005,24.269978,24.290026,90500,4.240341
2006-09-05,24.379988,25.07998,24.280003,25.070005,66800,4.376503
2006-09-01,24.520017,24.520017,24.09998,24.220013,69800,4.228119
2006-08-31,23.940005,24.710012,23.600007,24.309973,166200,4.243823
2006-08-30,23.509997,23.999995,23.489999,23.71999,73100,4.140829
2006-08-29,22.73999,23.829997,22.660003,23.240014,99500,4.057039
2006-08-28,22.009978,22.920013,21.919968,22.920013,87900,4.001176
2006-08-25,21.66998,22.229994,21.600018,21.960011,49500,3.833587
2006-08-24,22.510002,22.90999,21.779988,21.810008,139700,3.807401
2006-08-23,23.600007,23.600007,22.45001,22.45001,72200,3.919127
2006-08-22,23.010024,23.71999,23.000001,23.410012,144000,4.086716
2006-08-21,23.000001,23.440032,22.980003,23.050019,66800,4.023871
2006-08-18,23.950028,23.950028,22.549995,23.220016,108200,4.053548
2006-08-17,23.229991,23.920008,23.229991,23.790005,75800,4.153051
2006-08-16,23.459979,23.790005,22.880018,23.390017,124400,4.083225
2006-08-15,22.660003,23.289981,22.370022,23.269984,59000,4.062271
2006-08-14,22.419989,22.45001,22.000006,22.320004,105500,3.896432
2006-08-11,22.549995,22.600013,22.070019,22.139984,141800,3.865005
2006-08-10,23.229991,23.229991,22.249992,22.510002,110700,3.9296
2006-08-09,23.78003,24.030016,23.289981,23.450007,124800,4.093698
2006-08-08,24.509991,24.630025,23.010024,23.310029,164000,4.069261
2006-08-07,23.909985,24.220013,23.000001,24.220013,149100,4.228119
2006-08-04,24.300001,24.79,22.419989,24.160021,254400,4.217646
2006-08-03,22.840026,24.390011,22.840026,24.390011,102200,4.257795
2006-08-02,22.759988,23.640002,22.759988,23.169999,103500,4.044816
2006-08-01,23.050019,23.050019,22.340002,22.519974,243000,3.931341
2006-07-31,23.260011,23.640002,23.169999,23.359994,54900,4.077984
2006-07-28,23.359994,24.059988,23.099986,23.920008,204800,4.175746
2006-07-27,23.829997,24.229986,22.800031,23.119981,214700,4.036084
2006-07-26,23.900013,24.019993,23.470004,23.569987,194400,4.114643
2006-07-25,23.759982,24.540014,23.440032,24.169996,121500,4.219387
2006-07-24,23.770007,24.500019,23.099986,23.83997,152700,4.161774
2006-07-21,22.90999,23.640002,22.45001,23.589984,140600,4.118134
2006-07-20,25.299996,25.480019,22.970031,23.02997,249000,4.020371
2006-07-19,23.390017,25.589976,23.339999,25.330016,261200,4.421893
2006-07-18,22.750015,23.629979,22.320004,23.470004,196400,4.097189
2006-07-17,21.980009,22.830003,21.980009,22.470007,70800,3.922618
2006-07-14,22.500028,22.689972,21.799986,22.200024,172400,3.875487
2006-07-13,23.539966,23.539966,22.64998,22.759988,83000,3.97324
2006-07-12,23.940005,24.209988,23.820025,23.83997,94500,4.161774
2006-07-11,23.969975,24.659994,23.509997,24.03999,128400,4.196692
2006-07-10,24.09998,25.509988,24.00997,24.189991,137900,4.222877
2006-07-07,25.16999,25.16999,23.790005,23.999995,102600,4.18971
2006-07-06,26.690006,27.010007,24.88001,25.359986,353300,4.427125
2006-07-05,26.399975,26.939991,25.840012,26.800014,113600,4.678513
2006-07-03,25.990015,26.769994,25.710007,26.449993,78300,4.617409
2006-06-30,25.449998,26.160013,25.010015,25.659991,459900,4.479497
2006-06-29,23.369969,25.730004,23.369969,25.419978,125600,4.437598
2006-06-28,22.719993,23.220016,22.260014,23.209994,157200,4.051798
2006-06-27,22.090017,23.220016,22.090017,22.500028,311100,3.927858
2006-06-26,21.249995,22.020001,21.249995,21.980009,156200,3.837078
2006-06-23,21.470013,21.660008,21.190005,21.28999,72900,3.716621
2006-06-22,21.490008,21.66998,21.099994,21.38,67700,3.732334
2006-06-21,21.249995,21.900021,21.249995,21.709975,67100,3.789938
2006-06-20,21.649983,21.879973,21.23,21.249995,146700,3.709639
2006-06-19,21.990032,22.079994,21.55,21.839981,56000,3.812633
2006-06-16,22.33003,23.329974,20.380005,21.940014,766400,3.830096
2006-06-15,21.40997,22.540023,21.40997,22.439987,218700,3.917377
2006-06-14,20.410026,21.38,20.210006,21.38,257400,3.732334
2006-06-13,22.049971,22.699998,20.850006,20.960017,310700,3.659017
2006-06-12,22.320004,22.500028,21.57997,21.879973,141900,3.819615
2006-06-09,22.389969,23.189996,22.249992,22.320004,110700,3.896432
2006-06-08,23.000001,23.829997,21.600018,22.110014,101400,3.859773
2006-06-07,22.500028,23.860018,22.389969,23.280006,344400,4.029103
2006-06-06,22.379997,23.329974,22.280012,22.289984,43800,3.857758
2006-06-05,24.090008,24.540014,22.479979,22.490005,127500,3.892376
2006-06-02,24.120028,24.390011,23.310029,24.349966,66800,4.214282
2006-06-01,23.130006,23.880015,22.989978,23.78003,78900,4.115643
2006-05-31,23.260011,23.470004,22.989978,23.320001,43800,4.036025
2006-05-30,23.620005,23.75001,23.079988,23.189996,84300,4.013525
2006-05-26,24.200016,24.509991,23.929982,24.00997,56000,4.155439
2006-05-25,23.369969,24.349966,23.090011,24.349966,75800,4.214282
2006-05-24,23.350022,23.350022,21.020007,23.199968,153200,4.01525
2006-05-23,23.650025,24.90998,23.440032,23.459979,152100,4.060251
2006-05-22,23.799977,24.670017,23.440032,23.75001,72900,4.110447
2006-05-19,24.229986,24.240009,23.960003,24.050013,87900,4.162369
2006-05-18,24.639997,24.750005,24.399984,24.560009,95400,4.250635
2006-05-17,24.989967,25.359986,24.00997,24.359991,175100,4.216017
2006-05-16,25.33999,25.629968,24.639997,25.230031,110300,4.366596
2006-05-15,26.250025,26.789991,25.319993,25.33999,97200,4.385627
2006-05-12,26.999984,26.999984,26.250025,26.26997,282300,4.54658
2006-05-11,28.720018,28.720018,26.999984,26.999984,152700,4.672924
2006-05-10,26.950017,28.959981,26.950017,28.529972,341600,4.937722
2006-05-09,27.100017,27.780013,26.720026,26.730001,211500,4.626198
2006-05-08,27.610013,27.800011,27.419967,27.650008,140000,4.785425
2006-05-05,27.500005,27.800011,27.010007,27.749993,95100,4.80273
2006-05-04,27.27999,27.490033,27.200002,27.33998,62700,4.731768
2006-05-03,27.749993,27.749993,27.350005,27.460013,50600,4.752542
2006-05-02,27.200002,27.690001,26.959989,27.690001,95400,4.792347
2006-05-01,27.249969,27.54,26.950017,27.19003,119400,4.705816
2006-04-28,26.500011,27.500005,25.999987,27.419967,105500,4.745612
2006-04-27,27.500005,27.500005,25.710007,26.690006,401000,4.619276
2006-04-26,26.140015,27.870024,26.140015,27.500005,454500,4.759464
2006-04-25,24.420032,26.579998,24.330021,26.109995,234200,4.518893
2006-04-24,24.149998,24.500019,23.71999,24.300001,77100,4.205635
2006-04-21,24.710012,24.710012,23.999995,24.149998,127500,4.179673
2006-04-20,24.450001,24.500019,24.339994,24.370014,35300,4.217752
2006-04-19,23.629979,24.450001,23.629979,24.450001,212000,4.231595
2006-04-18,24.800022,24.800022,24.300001,24.739982,201800,4.281783
2006-04-17,24.250034,24.999992,24.03999,24.949975,168000,4.318126
2006-04-13,24.110003,24.220013,23.929982,24.09998,27600,4.171017
2006-04-12,23.98,24.03999,23.81,24.030016,55500,4.158908
2006-04-11,24.359991,24.420032,23.889987,24.179968,69000,4.18486
2006-04-10,24.549986,24.630025,24.250034,24.520017,231000,4.243713
2006-04-07,24.829992,24.940002,24.09998,24.410009,206700,4.224674
2006-04-06,23.860018,24.719984,23.759982,24.620002,313800,4.261018
2006-04-05,23.999995,24.090008,23.669972,24.03999,69000,4.160634
2006-04-04,23.889987,24.120028,23.699992,23.999995,128900,4.153712
2006-04-03,23.679995,24.200016,23.600007,23.999995,61700,4.153712
2006-03-31,23.390017,23.909985,23.02997,23.909985,102600,4.138134
2006-03-30,23.010024,23.499974,23.000001,23.390017,59600,4.048142
2006-03-29,23.070016,23.549992,23.000001,23.450007,93300,4.058525
2006-03-28,22.980003,23.169999,22.810005,22.970031,105300,3.975455
2006-03-27,22.819978,23.079988,22.600013,23.079988,145800,3.994485
2006-03-24,22.750015,22.77001,22.519974,22.719993,21200,3.93218
2006-03-23,22.490005,22.68,22.219971,22.600013,14100,3.911415
2006-03-22,22.020001,22.439987,22.020001,22.340002,47400,3.866415
2006-03-21,22.219971,22.810005,22.190002,22.219971,86400,3.845641
2006-03-20,22.229994,22.559967,21.770016,22.340002,63000,3.866415
2006-03-17,21.980009,22.110014,21.660008,22.079994,350300,3.821415
2006-03-16,22.300009,22.459984,21.739996,21.870001,106700,3.785071
2006-03-15,22.960006,22.960006,22.399992,22.410017,66800,3.878533
2006-03-14,22.219971,22.750015,22.209997,22.73999,66800,3.935641
2006-03-13,22.399992,22.500028,22.269989,22.33003,47900,3.864689
2006-03-10,21.870001,22.500028,21.810008,22.470007,212900,3.888915
2006-03-09,21.739996,21.919968,21.700001,21.810008,77900,3.774688
2006-03-08,21.870001,21.949988,21.23,21.629988,119400,3.743532
2006-03-07,21.499982,22.000006,21.300012,21.830006,119400,3.778149
2006-03-06,21.300012,21.839981,21.029979,21.57997,90500,3.734875
2006-03-03,21.569995,21.810008,21.300012,21.430018,162200,3.708923
2006-03-02,21.539975,21.820034,21.510005,21.620013,111600,3.741805
2006-03-01,21.730021,21.749968,21.530003,21.749968,70800,3.764297
2006-02-28,21.949988,22.079994,21.470013,21.870001,176100,3.785071
2006-02-27,22.000006,22.160029,21.770016,22.000006,200400,3.807571
2006-02-24,21.629988,21.879973,21.520031,21.879973,135600,3.786797
2006-02-23,21.990032,22.139984,21.569995,21.620013,519300,3.741805
2006-02-22,20.929994,21.900021,20.929994,21.790013,159300,3.771228
2006-02-21,20.890001,21.069974,20.759996,21.020007,893000,3.637962
2006-02-17,20.649988,20.929994,20.59997,20.729976,471800,3.587765
2006-02-16,20.510011,20.750024,20.499985,20.720003,188300,3.58604
2006-02-15,19.499991,20.640016,18.679967,20.289995,102600,3.511617
2006-02-14,19.749977,20.099998,19.519987,19.850012,257400,3.435469
2006-02-13,20.000013,20.099998,19.879981,19.879981,159300,3.440656
2006-02-10,19.609999,20.129968,19.609999,20.029984,403200,3.466617
2006-02-09,20.179986,20.179986,19.749977,20.089974,154100,3.477
2006-02-08,20.200033,20.200033,19.879981,20.099998,92000,3.478734
2006-02-07,19.720006,20.25,19.560032,20.139992,203400,3.485656
2006-02-06,19.199986,19.499991,19.029989,19.38001,54600,3.354125
2006-02-03,19.100003,19.649992,19.000018,19.159993,81000,3.316046
2006-02-02,19.400006,19.560032,19.14997,19.479993,47900,3.371429
2006-02-01,19.049985,19.720006,19.049985,19.640019,69000,3.399125
2006-01-31,19.020015,19.340016,19.009991,19.199986,140600,3.322968
2006-01-30,19.799994,19.799994,19.000018,19.449973,111300,3.366234
2006-01-27,19.260028,19.989991,19.260028,19.989991,95400,3.459695
2006-01-26,19.060009,19.349989,18.979971,19.319968,511700,3.343733
2006-01-25,18.660021,19.100003,18.580033,19.100003,150800,3.305664
2006-01-24,18.740008,19.100003,18.660021,19.000018,119400,3.288359
2006-01-23,18.610003,18.729984,18.280029,18.669994,25700,3.231242
2006-01-20,18.750032,18.750032,18.029993,18.250008,91400,3.158554
2006-01-19,18.270006,18.750032,18.270006,18.720011,86400,3.239898
2006-01-18,18.009995,18.499995,18.009995,18.440004,60900,3.191437
2006-01-17,18.210015,18.36999,17.480003,18.250008,52700,3.158554
2006-01-13,18.250008,18.469975,17.999972,18.450028,73100,3.193172
2006-01-12,18.479998,18.479998,18.110031,18.199992,159300,3.149898
2006-01-11,18.499995,18.499995,18.129976,18.329996,59000,3.172398
2006-01-10,18.210015,18.499995,18.140001,18.499995,45900,3.20182
2006-01-09,17.800004,18.499995,17.800004,18.450028,46500,3.193172
2006-01-06,18.100007,18.250008,18.100007,18.100007,35700,3.132593
2006-01-05,18.190018,18.250008,17.78998,18.219988,60900,3.153358
2006-01-04,17.989999,18.450028,17.989999,18.140001,51500,3.139515
2006-01-03,17.999972,18.199992,17.659974,18.190018,27600,3.148172
2005-12-30,17.659974,18.049989,17.659974,17.879991,96500,3.094515
2005-12-29,17.899987,17.999972,17.749986,17.749986,39800,3.072015
2005-12-28,17.899987,18.199992,17.899987,17.899987,29700,3.097975
2005-12-27,18.009995,18.16997,17.890014,17.980026,32600,3.111828
2005-12-23,17.999972,18.140001,17.940032,17.940032,31700,3.104906
2005-12-22,17.890014,17.999972,17.890014,17.999972,5400,3.11528
2005-12-21,18.040017,18.239986,17.890014,17.890014,21600,3.096249
2005-12-20,18.020019,18.210015,17.729988,17.989999,37400,3.113554
2005-12-19,18.060013,18.550013,17.890014,18.420008,352500,3.187976
2005-12-16,18.499995,18.599979,18.360016,18.460001,338100,3.194898
2005-12-15,18.499995,18.660021,18.230012,18.450028,81200,3.193172
2005-12-14,18.129976,18.499995,18.129976,18.420008,87000,3.187976
2005-12-13,17.930008,18.320023,17.890014,18.239986,33800,3.156819
2005-12-12,17.950005,18.110031,17.800004,17.919985,10400,3.101436
2005-12-09,17.85002,18.16997,17.85002,18.150025,88400,3.14125
2005-12-08,17.829973,18.150025,17.829973,17.999972,16400,3.11528
2005-12-07,17.699968,18.129976,17.699968,17.989999,94100,3.113554
2005-12-06,18.210015,18.230012,17.869967,18.100007,69800,3.132593
2005-12-05,17.780006,18.100007,17.519997,18.009995,90000,3.117015
2005-12-02,17.780006,17.780006,16.979979,17.650001,65000,3.05471
2005-12-01,17.049993,17.449981,16.879995,17.310004,52700,2.995866
2005-11-30,17.040021,17.049993,16.789984,17.019973,31700,2.94567
2005-11-29,16.889968,16.960034,16.740017,16.960034,21600,2.935296
2005-11-28,16.660029,16.74999,16.660029,16.679976,88400,2.886826
2005-11-25,17.049993,17.049993,16.800008,16.800008,2300,2.907601
2005-11-23,16.630009,16.789984,16.630009,16.74999,40700,2.898944
2005-11-22,16.879995,17.029997,16.610011,16.709996,47400,2.892022
2005-11-21,16.899992,17.029997,16.78001,16.970006,34400,2.937022
2005-11-18,16.570018,16.970006,16.520001,16.919989,22500,2.928366
2005-11-17,16.500003,16.670003,16.230021,16.279988,77000,2.8176
2005-11-16,16.71997,16.71997,16.209974,16.219997,119400,2.807217
2005-11-15,17.149978,17.149978,16.440013,16.590015,51900,2.871257
2005-11-14,17.310004,17.420012,17.109984,17.259986,105500,2.98721
2005-11-11,17.359971,17.689995,17.319977,17.630005,63000,3.051249
2005-11-10,17.179999,17.550017,16.870022,17.510023,81000,3.030484
2005-11-09,17.049993,17.33,16.979979,17.059967,30300,2.952592
2005-11-08,17.409988,17.539993,17.160002,17.160002,42800,2.969905
2005-11-07,17.810027,17.930008,17.400015,17.449981,63000,3.020092
2005-11-04,17.440009,17.630005,17.429985,17.630005,111600,3.051249
2005-11-03,17.009999,17.699968,17.009999,17.550017,124400,3.037406
2005-11-02,17.029997,17.449981,16.859998,17.310004,58700,2.995866
2005-11-01,17.000027,17.130031,16.970006,17.100011,47900,2.959522
2005-10-31,16.219997,17.210019,16.219997,17.199996,70800,2.976827
2005-10-28,16.46001,16.610011,16.209974,16.270014,68100,2.815874
2005-10-27,16.509977,16.599988,16.120013,16.379972,364500,2.834904
2005-10-26,16.800008,17.040021,16.619985,16.74999,126500,2.898944
2005-10-25,17.349998,17.369994,16.299984,16.970006,87000,2.937022
2005-10-24,16.429989,17.959979,16.160006,17.910011,151200,3.09971
2005-10-21,16.639982,17.040021,16.420016,16.820004,141800,2.911061
2005-10-20,16.919989,17.120009,16.610011,16.760014,59000,2.900679
2005-10-19,16.800008,16.979979,16.100015,16.970006,210600,2.937022
2005-10-18,17.000027,17.019973,16.800008,16.840002,63000,2.914522
2005-10-17,17.019973,17.189972,17.000027,17.120009,64100,2.962983
2005-10-14,17.009999,17.349998,17.000027,17.30003,158000,2.99414
2005-10-13,17.380018,17.420012,17.120009,17.230016,114300,2.982023
2005-10-12,17.380018,17.550017,17.380018,17.420012,124400,3.014905
2005-10-11,17.380018,17.590011,17.369994,17.440009,355700,3.018366
2005-10-10,17.720016,17.720016,17.199996,17.210019,64800,2.978562
2005-10-07,17.199996,18.009995,17.199996,17.590011,63600,3.044327
2005-10-06,17.210019,17.47003,17.199996,17.199996,109400,2.976827
2005-10-05,17.709992,17.85002,17.179999,17.279984,155900,2.990671
2005-10-04,18.179994,18.179994,17.869967,17.899987,129800,3.097975
2005-10-03,18.409983,18.499995,18.009995,18.210015,154800,3.151632
2005-09-30,18.179994,18.499995,18.140001,18.380014,53600,3.181054
2005-09-29,17.599984,18.290002,17.599984,18.290002,48800,3.165476
2005-09-28,18.16997,18.239986,17.669998,18.080011,59600,3.129132
2005-09-27,18.020019,18.469975,17.879991,18.31,190400,3.168937
2005-09-26,18.020019,18.020019,17.800004,18.009995,17100,3.117015
2005-09-23,17.349998,17.980026,17.170025,17.890014,145100,3.096249
2005-09-22,17.699968,17.810027,17.429985,17.55999,112200,3.039132
2005-09-21,17.76001,17.85002,17.699968,17.699968,64800,3.063358
2005-09-20,18.110031,18.110031,17.680022,17.829973,50000,3.085858
2005-09-19,18.029993,18.029993,17.800004,17.930008,91400,3.103171
2005-09-16,18.029993,18.089983,17.839997,18.089983,371900,3.130858
2005-09-15,17.76001,17.890014,17.749986,17.890014,37400,3.096249
2005-09-14,17.999972,17.999972,17.78998,17.800004,89300,3.080671
2005-09-13,17.940032,18.190018,17.910011,17.959979,133700,3.108358
2005-09-12,17.999972,17.999972,17.829973,17.940032,29300,3.104906
2005-09-09,17.869967,17.999972,17.829973,17.999972,56900,3.11528
2005-09-08,17.680022,17.970002,17.630005,17.829973,54600,3.085858
2005-09-07,17.810027,17.999972,17.699968,17.890014,48800,3.096249
2005-09-06,17.85002,18.120004,17.800004,17.999972,120300,3.11528
2005-09-02,17.85002,18.250008,17.749986,17.959979,111300,3.108358
2005-09-01,17.940032,18.750032,17.940032,18.219988,120800,3.153358
2005-08-31,17.770033,18.120004,17.770033,18.120004,93200,3.136054
2005-08-30,18.120004,18.120004,17.749986,17.950005,51900,3.106632
2005-08-29,17.959979,18.120004,17.919985,17.999972,56700,3.11528
2005-08-26,18.539989,18.550013,17.980026,18.120004,125600,3.136054
2005-08-25,17.800004,18.63,17.800004,18.409983,186300,3.186241
2005-08-24,17.590011,17.770033,17.499999,17.650001,236300,3.05471
2005-08-23,17.380018,17.699968,17.279984,17.489975,135000,3.027014
2005-08-22,17.499999,17.499999,17.199996,17.340024,103200,3.001062
2005-08-19,17.100011,17.749986,17.100011,17.449981,71700,3.020092
2005-08-18,17.100011,17.380018,17.000027,17.290006,162000,2.992405
2005-08-17,16.800008,17.499999,16.800008,17.189972,62100,2.975092
2005-08-16,17.100011,17.210019,16.879995,16.939985,63600,2.931827
2005-08-15,16.369999,17.30003,16.219997,17.290006,113600,2.992405
2005-08-12,16.679976,16.679976,16.279988,16.279988,42500,2.8176
2005-08-11,16.509977,16.919989,16.249967,16.830028,183200,2.912796
2005-08-10,16.729993,17.000027,16.25999,16.549971,295800,2.864326
2005-08-09,16.40002,16.610011,16.150033,16.500003,117500,2.855678
2005-08-08,17.179999,17.179999,16.440013,16.449987,55500,2.847022
2005-08-05,17.460005,17.460005,16.150033,16.899992,242300,2.924905
2005-08-04,17.30003,17.599984,17.120009,17.420012,375900,3.014905
2005-08-03,17.30003,17.389991,16.800008,17.359971,744000,3.004514
2005-08-02,16.979979,17.369994,15.599993,17.000027,1780800,2.942218
2005-08-01,19.230008,19.459997,19.029989,19.17999,42500,3.319507
2005-07-29,19.199986,19.369985,19.199986,19.199986,119700,3.322968
2005-07-28,19.000018,19.199986,18.599979,19.199986,44600,3.322968
2005-07-27,19.329992,19.349989,18.83002,18.960024,39800,3.281437
2005-07-26,18.750032,19.390034,18.720011,19.329992,29300,3.345468
2005-07-25,19.250004,19.250004,18.570009,18.790026,91100,3.252016
2005-07-22,18.570009,19.250004,18.550013,19.250004,80300,3.331625
2005-07-21,18.610003,19.21001,18.610003,19.000018,29300,3.288359
2005-07-20,18.960024,19.029989,18.83002,19.000018,110700,3.288359
2005-07-19,17.869967,18.950001,17.869967,18.669994,121500,3.231242
2005-07-18,17.989999,18.270006,17.970002,18.100007,26600,3.132593
2005-07-15,17.800004,18.389987,17.800004,18.339969,33800,3.174124
2005-07-14,18.660021,18.709988,17.800004,18.150025,89100,3.14125
2005-07-13,19.060009,19.340016,18.389987,18.409983,62100,3.186241
2005-07-12,19.139996,19.300022,18.969997,19.300022,52800,3.340281
2005-07-11,19.000018,19.279974,18.780002,19.279974,90500,3.336812
2005-07-08,18.499995,18.960024,18.40001,18.930004,189600,3.276242
2005-07-07,18.179994,18.329996,17.859994,18.250008,25700,3.158554
2005-07-06,18.750032,18.930004,18.230012,18.530015,60800,3.207015
2005-07-05,18.009995,18.729984,18.009995,18.559985,131900,3.212202
2005-07-01,17.85002,18.239986,17.85002,18.110031,60900,3.134328
2005-06-30,17.810027,18.930004,17.650001,17.76001,355700,3.073749
2005-06-29,17.940032,18.259982,17.940032,18.100007,26300,3.132593
2005-06-28,17.599984,18.409983,17.510023,18.140001,94100,3.139515
2005-06-27,17.899987,18.16997,17.729988,17.740012,59600,3.070288
2005-06-24,18.709988,19.000018,17.950005,17.950005,192300,3.106632
2005-06-23,18.760004,18.989995,18.760004,18.899983,73100,3.271046
2005-06-22,18.219988,18.989995,18.219988,18.989995,146000,3.286625
2005-06-21,18.599979,18.599979,18.16997,18.219988,26300,3.153358
2005-06-20,18.450028,18.740008,18.450028,18.479998,160800,3.198359
2005-06-17,18.299976,18.440004,18.120004,18.420008,260100,3.187976
2005-06-16,18.199992,18.239986,18.020019,18.210015,115700,3.151632
2005-06-15,18.389987,18.389987,17.910011,18.060013,123500,3.125671
2005-06-14,17.999972,18.250008,17.999972,18.250008,53600,3.158554
2005-06-13,18.129976,18.129976,17.740012,17.999972,66800,3.11528
2005-06-10,18.120004,18.250008,17.999972,18.250008,33800,3.158554
2005-06-09,18.049989,18.380014,18.049989,18.31,44600,3.168937
2005-06-08,18.469975,18.499995,18.049989,18.049989,29300,3.123936
2005-06-07,18.450028,18.499995,18.280029,18.389987,66200,3.18278
2005-06-06,18.700014,18.709988,17.76001,18.250008,89300,3.158554
2005-06-03,18.179994,18.499995,17.210019,18.110031,249900,3.134328
2005-06-02,18.750032,18.750032,18.230012,18.380014,69800,3.181054
2005-06-01,18.230012,18.700014,18.100007,18.700014,169400,3.236437
2005-05-31,17.999972,18.089983,17.630005,17.899987,170300,3.097975
2005-05-27,17.879991,17.999972,17.76001,17.899987,45900,3.097975
2005-05-26,17.440009,17.859994,17.429985,17.78998,34400,3.078936
2005-05-25,17.640029,17.689995,17.349998,17.489975,120300,3.027014
2005-05-24,18.36999,18.499995,17.770033,17.999972,175100,3.11528
2005-05-23,17.970002,18.83002,17.970002,18.740008,77900,3.243359
2005-05-20,18.040017,18.159998,17.970002,17.970002,459000,3.110093
2005-05-19,17.999972,18.110031,17.829973,18.110031,692600,3.134328
2005-05-18,18.329996,18.460001,17.689995,17.999972,76200,3.11528
2005-05-17,18.199992,18.199992,17.699968,18.049989,156800,3.123936
2005-05-16,17.100011,18.490022,17.000027,18.479998,109400,3.198359
2005-05-13,17.109984,17.140005,16.979979,17.000027,61700,2.942218
2005-05-12,17.659974,17.930008,17.319977,17.319977,59600,2.997592
2005-05-11,17.709992,17.78998,17.069991,17.420012,116700,3.014905
2005-05-10,17.539993,17.749986,17.319977,17.610007,50900,3.047788
2005-05-09,17.279984,18.060013,17.23999,17.449981,100500,3.020092
2005-05-06,18.230012,18.290002,16.939985,17.369994,294900,3.006249
2005-05-05,18.190018,18.31,17.919985,18.009995,222800,3.117015
2005-05-04,18.440004,18.469975,17.930008,18.199992,546800,3.149898
2005-05-03,18.210015,18.620027,18.179994,18.210015,105300,3.151632
2005-05-02,18.409983,18.599979,17.82,18.280029,62700,3.16375
2005-04-29,18.490022,18.499995,17.499999,18.270006,132500,3.162015
2005-04-28,18.179994,18.490022,18.020019,18.31,146700,3.168937
2005-04-27,18.080011,18.179994,17.480003,18.179994,86400,3.146437
2005-04-26,17.550017,18.140001,17.460005,18.140001,136500,3.139515
2005-04-25,17.130031,17.989999,17.080015,17.489975,330900,3.027014
2005-04-22,17.000027,17.449981,16.910016,16.960034,254400,2.935296
2005-04-21,17.000027,17.179999,16.930012,17.149978,176400,2.96817
2005-04-20,16.800008,17.409988,16.800008,17.000027,175100,2.942218
2005-04-19,17.279984,17.499999,17.000027,17.210019,145100,2.978562
2005-04-18,17.250013,17.250013,16.769986,16.859998,62100,2.917983
2005-04-15,17.059967,17.250013,16.879995,17.000027,150800,2.942218
2005-04-14,17.219992,17.219992,16.919989,16.919989,36500,2.928366
2005-04-13,16.769986,17.130031,16.769986,16.970006,38400,2.937022
2005-04-12,16.320032,17.33,16.20,17.230016,216600,2.982023
2005-04-11,16.100015,16.740017,16.010005,16.480007,148700,2.852218
2005-04-08,16.339978,16.339978,16.100015,16.150033,44600,2.795108
2005-04-07,16.150033,16.500003,16.150033,16.500003,19100,2.855678
2005-04-06,16.40002,16.500003,16.16998,16.230021,62100,2.808952
2005-04-05,16.290012,16.299984,16.150033,16.180003,104600,2.800295
2005-04-04,16.209974,16.40002,16.20,16.279988,36500,2.8176
2005-04-01,16.299984,16.469983,15.88,16.339978,59000,2.827982
2005-03-31,16.320032,16.46001,16.249967,16.46001,103500,2.848757
2005-03-30,16.320032,16.40002,16.150033,16.310008,86400,2.822796
2005-03-29,16.330006,16.339978,16.049999,16.060022,60000,2.77953
2005-03-28,16.249967,16.330006,16.109989,16.230021,47400,2.808952
2005-03-24,16.049999,16.219997,16.049999,16.069995,58700,2.781256
2005-03-23,16.060022,16.180003,15.999981,16.060022,284900,2.77953
2005-03-22,15.869975,16.160006,15.869975,16.079968,66800,2.782982
2005-03-21,15.990007,16.299984,15.780015,16.180003,83000,2.800295
2005-03-18,15.990007,16.120013,15.760018,15.780015,216000,2.731069
2005-03-17,15.749994,15.769992,15.610017,15.769992,182400,2.729334
2005-03-16,15.500008,15.749994,15.500008,15.71,68900,2.718951
2005-03-15,15.500008,15.659983,15.310012,15.590019,81000,2.698186
2005-03-14,15.160011,15.299988,15.160011,15.200004,47900,2.630686
2005-03-11,15.099969,15.480011,15.099969,15.380026,102200,2.661842
2005-03-10,14.979988,15.269968,14.959991,15.269968,93300,2.642794
2005-03-09,14.999985,15.500008,14.990012,15.180007,36500,2.627225
2005-03-08,15.469987,15.469987,15.059975,15.080023,45900,2.60992
2005-03-07,15.239998,15.460014,15.149987,15.359979,21200,2.658373
2005-03-04,15.399973,15.399973,14.979988,15.210029,27600,2.632421
2005-03-03,15.050003,15.399973,14.860006,15.290016,109500,2.646264
2005-03-02,15.180007,15.380026,14.90,15.239998,122900,2.637607
2005-03-01,15.399973,15.399973,14.860006,15.160011,83000,2.623764
2005-02-28,14.889977,15.350006,14.84001,15.279992,54000,2.644529
2005-02-25,15.099969,15.18998,14.939994,15.089997,44600,2.611647
2005-02-24,15.229974,15.229974,14.679984,15.030005,37800,2.601264
2005-02-23,14.929971,15.449991,14.800016,15.229974,69800,2.635873
2005-02-22,15.010009,15.200004,14.599997,14.700031,95400,2.544155
2005-02-18,14.860006,15.269968,14.860006,15.099969,104100,2.613372
2005-02-17,15.279992,15.520005,14.710005,14.929971,105300,2.583951
2005-02-16,14.999985,15.279992,14.910024,15.180007,72200,2.627225
2005-02-15,15.350006,15.42002,15.099969,15.099969,46800,2.613372
2005-02-14,15.239998,15.749994,14.650015,15.439967,260600,2.672216
2005-02-11,15.030005,15.210029,14.880004,14.999985,88400,2.596068
2005-02-10,15.160011,15.760018,15.160011,15.239998,32400,2.637607
2005-02-09,14.359984,20.299967,14.359984,15.299988,381600,2.64799
2005-02-08,14.800016,14.800016,14.700031,14.740025,25700,2.551076
2005-02-07,14.400028,14.820013,14.400028,14.710005,78900,2.545881
2005-02-04,14.84001,14.84001,14.35001,14.619994,51900,2.530303
2005-02-03,14.679984,14.780019,14.220006,14.650015,124800,2.535498
2005-02-02,14.11997,14.639991,14.11997,14.610021,143700,2.528576
2005-02-01,14.03001,14.500013,14.019987,14.419975,62100,2.495685
2005-01-31,14.359984,14.690008,14.010013,14.480016,68900,2.506076
2005-01-28,14.010013,14.359984,14.010013,14.359984,75800,2.485302
2005-01-27,14.140019,14.169988,13.900005,14.010013,54900,2.424732
2005-01-26,14.400028,14.400028,14.019987,14.249976,35700,2.466263
2005-01-25,13.930026,14.11997,13.930026,14.010013,33300,2.424732
2005-01-24,13.900005,14.109997,13.900005,14.010013,59000,2.424732
2005-01-21,14.220006,14.459969,13.999989,14.090001,34400,2.438576
2005-01-20,13.900005,14.220006,13.900005,14.010013,59000,2.424732
2005-01-19,14.050007,14.730002,13.909978,13.909978,61700,2.407419
2005-01-18,13.999989,14.690008,13.679989,14.549979,152100,2.518185
2005-01-14,14.540007,14.610021,14.400028,14.530033,31700,2.514733
2005-01-13,14.189985,14.500013,14.189985,14.189985,78900,2.45588
2005-01-12,14.429998,14.429998,14.189985,14.26,60900,2.467998
2005-01-11,14.169988,14.310017,14.010013,14.200009,58100,2.457615
2005-01-10,14.209982,14.690008,14.039983,14.410002,70800,2.493959
2005-01-07,14.650015,14.650015,14.249976,14.440022,58100,2.499154
2005-01-06,14.560003,15.239998,14.560003,14.629967,100100,2.532028
2005-01-05,14.769996,14.990012,14.570027,14.849983,81200,2.570107
2005-01-04,14.780019,15.109993,14.749998,14.90,177500,2.578764
2005-01-03,16.500003,16.990003,14.800016,15.010009,491400,2.597803
2004-12-31,15.930017,16.449987,15.919993,16.069995,79200,2.781256
2004-12-30,15.73997,16.40002,15.729998,15.85003,140600,2.743187
2004-12-29,14.549979,15.540001,14.549979,15.39,118400,2.663568
2004-12-28,14.500013,14.919998,14.500013,14.849983,88400,2.570107
2004-12-27,14.800016,14.860006,14.570027,14.740025,39800,2.551076
2004-12-23,14.580001,14.970015,14.500013,14.880004,28400,2.575303
2004-12-22,14.800016,15.050003,14.449995,14.789992,123500,2.559724
2004-12-21,14.710005,14.789992,14.560003,14.769996,133700,2.556264
2004-12-20,14.26,14.749998,14.26,14.459969,29700,2.502607
2004-12-17,14.449995,14.599997,14.249976,14.540007,66200,2.516459
2004-12-16,14.310017,14.549979,14.299994,14.310017,27200,2.476654
2004-12-15,14.700031,14.700031,14.310017,14.599997,26600,2.526842
2004-12-14,14.249976,14.549979,14.200009,14.549979,67700,2.518185
2004-12-13,14.370008,14.429998,14.010013,14.249976,181100,2.466263
2004-12-10,14.400028,14.400028,13.569981,14.160015,374600,2.450693
2004-12-09,15.010009,15.010009,14.500013,14.500013,94500,2.509537
2004-12-08,14.929971,15.140013,14.889977,14.990012,129800,2.594342
2004-12-07,15.250022,15.529979,14.919998,14.939994,85100,2.585685
2004-12-06,15.469987,15.540001,15.39,15.39,71100,2.663568
2004-12-03,15.899996,15.899996,15.409997,15.469987,22200,2.677412
2004-12-02,15.210029,15.729998,15.210029,15.690004,45500,2.715491
2004-12-01,15.990007,16.219997,15.259994,15.469987,141800,2.677412
2004-11-30,15.85003,15.990007,15.829982,15.919993,56000,2.755295
2004-11-29,15.899996,15.999981,15.860002,15.890024,36500,2.750108
2004-11-26,16.590015,16.590015,15.890024,15.999981,16200,2.769139
2004-11-24,16.030001,16.209974,15.820008,16.010005,26600,2.770874
2004-11-23,15.680031,16.230021,15.610017,16.230021,44600,2.808952
2004-11-22,15.500008,16.230021,15.500008,16.150033,46500,2.795108
2004-11-19,16.140009,16.160006,15.639986,15.690004,81000,2.715491
2004-11-18,16.030001,16.320032,16.030001,16.140009,75200,2.793374
2004-11-17,16.500003,16.500003,16.249967,16.270014,38700,2.815874
2004-11-16,15.88,16.449987,15.88,16.249967,87000,2.812404
2004-11-15,16.010005,16.350002,15.999981,16.350002,113600,2.829717
2004-11-12,16.330006,16.500003,16.16998,16.500003,149900,2.855678
2004-11-11,16.429989,16.469983,16.150033,16.150033,37800,2.795108
2004-11-10,15.749994,16.46001,15.619989,16.40002,71100,2.838374
2004-11-09,16.270014,16.279988,15.999981,15.999981,47900,2.769139
2004-11-08,16.320032,16.320032,16.010005,16.190027,26300,2.80203
2004-11-05,15.290016,16.500003,15.279992,15.749994,573900,2.725873
2004-11-04,14.979988,15.220001,14.90,14.999985,60000,2.596068
2004-11-03,14.999985,14.999985,14.679984,14.950018,60900,2.58742
2004-11-02,14.560003,14.970015,14.530033,14.570027,83000,2.521655
2004-11-01,14.690008,14.889977,14.549979,14.560003,32600,2.51992
2004-10-29,14.90,14.90,14.599997,14.700031,58100,2.544155
2004-10-28,15.109993,15.480011,14.759972,14.84001,119700,2.568381
2004-10-27,14.979988,15.200004,14.959991,15.099969,111300,2.613372
2004-10-26,14.990012,15.449991,14.789992,15.12999,120300,2.618568
2004-10-25,15.39,15.909969,14.749998,15.050003,107300,2.604725
2004-10-22,15.749994,16.089992,15.269968,15.269968,60900,2.642794
2004-10-21,16.079968,16.150033,15.590019,15.780015,143700,2.731069
2004-10-20,16.339978,16.599988,16.069995,16.249967,84300,2.812404
2004-10-19,16.559995,17.000027,16.350002,16.350002,205800,2.829717
2004-10-18,17.000027,17.140005,16.899992,17.059967,24500,2.952592
2004-10-15,16.630009,17.120009,16.630009,17.029997,71100,2.947405
2004-10-14,17.059967,17.189972,16.80998,16.820004,27200,2.911061
2004-10-13,17.449981,17.910011,17.130031,17.30003,32600,2.99414
2004-10-12,17.449981,17.610007,17.100011,17.440009,63600,3.018366
2004-10-11,17.149978,17.709992,17.059967,17.319977,59600,2.997592
2004-10-08,17.800004,17.85002,17.100011,17.160002,51500,2.969905
2004-10-07,18.210015,18.259982,17.650001,17.959979,86400,3.108358
2004-10-06,17.599984,18.199992,17.599984,18.199992,32400,3.149898
2004-10-05,18.040017,18.040017,17.729988,17.859994,42800,3.091054
2004-10-04,17.499999,18.129976,17.489975,17.890014,83000,3.096249
2004-10-01,17.33,18.089983,17.33,17.550017,75800,3.037406
2004-09-30,17.160002,17.810027,17.160002,17.400015,48600,3.011445
2004-09-29,17.429985,17.85002,17.100011,17.519997,64800,3.03221
2004-09-28,17.510023,17.829973,17.199996,17.250013,113400,2.985483
2004-09-27,17.930008,18.210015,17.550017,17.550017,28400,3.037406
2004-09-24,18.250008,18.259982,18.150025,18.179994,10100,3.146437
2004-09-23,18.16997,18.339969,18.16997,18.250008,37400,3.158554
2004-09-22,18.590007,18.610003,18.16997,18.259982,40500,3.16028
2004-09-21,18.550013,18.790026,17.999972,18.790026,107300,3.252016
2004-09-20,18.539989,18.599979,18.539989,18.539989,37800,3.208741
2004-09-17,19.000018,19.000018,18.420008,18.729984,212600,3.241624
2004-09-16,17.899987,18.499995,17.890014,18.499995,56700,3.20182
2004-09-15,18.049989,18.499995,17.669998,18.499995,82400,3.20182
2004-09-14,17.610007,18.420008,17.369994,18.159998,42800,3.142976
2004-09-13,17.810027,18.219988,17.810027,18.120004,36600,3.136054
2004-09-10,17.519997,18.009995,17.489975,18.009995,37400,3.117015
2004-09-09,17.219992,17.940032,17.009999,17.699968,80300,3.063358
2004-09-08,16.500003,17.499999,16.500003,17.009999,120300,2.943944
2004-09-07,17.480003,17.480003,16.729993,16.849974,85200,2.916248
2004-09-03,17.940032,17.989999,17.000027,17.000027,33300,2.942218
2004-09-02,16.910016,17.47003,16.549971,17.409988,36600,3.013171
2004-09-01,17.400015,18.460001,16.80998,16.899992,126900,2.924905
2004-08-31,17.429985,17.429985,16.820004,16.979979,21200,2.938748
2004-08-30,17.109984,17.740012,17.109984,17.460005,52800,3.021827
2004-08-27,17.219992,17.499999,17.019973,17.499999,21600,3.028749
2004-08-26,17.680022,17.899987,17.319977,17.380018,68100,3.007984
2004-08-25,16.069995,17.749986,16.060022,17.599984,106700,3.046054
2004-08-24,16.789984,16.789984,15.990007,16.579991,155300,2.869522
2004-08-23,16.820004,17.049993,16.320032,16.350002,92000,2.829717
2004-08-20,17.539993,17.599984,17.189972,17.189972,59000,2.975092
2004-08-19,16.830028,17.879991,16.830028,17.519997,78300,3.03221
2004-08-18,16.879995,17.460005,16.80998,17.460005,153200,3.021827
2004-08-17,16.800008,17.170025,16.630009,16.889968,35700,2.92317
2004-08-16,16.899992,17.319977,16.570018,16.990003,141900,2.940483
2004-08-13,17.23999,17.250013,16.71997,16.939985,66800,2.931827
2004-08-12,16.950009,17.30003,16.369999,16.889968,77900,2.92317
2004-08-11,17.019973,17.199996,16.590015,16.979979,117600,2.938748
2004-08-10,16.249967,17.170025,16.249967,17.019973,117500,2.94567
2004-08-09,16.010005,16.190027,15.460014,15.520005,133700,2.686069
2004-08-06,16.25999,16.709996,15.899996,16.120013,124800,2.789913
2004-08-05,16.500003,16.910016,16.270014,16.74999,98100,2.898944
2004-08-04,17.049993,17.810027,16.530024,16.539997,154800,2.8626
2004-08-03,17.709992,18.280029,17.189972,17.23999,100100,2.983749
2004-08-02,17.910011,18.420008,17.599984,17.829973,61700,3.085858
2004-07-30,17.740012,18.270006,17.720016,17.910011,65000,3.09971
2004-07-29,17.550017,18.069986,17.480003,17.910011,152100,3.09971
2004-07-28,17.800004,18.020019,17.409988,17.650001,224100,3.05471
2004-07-27,17.599984,18.239986,17.599984,18.239986,54000,3.156819
2004-07-26,18.029993,18.31,17.61998,17.709992,120300,3.065093
2004-07-23,17.999972,18.329996,17.989999,17.999972,73100,3.11528
2004-07-22,17.989999,18.409983,17.989999,18.009995,70800,3.117015
2004-07-21,18.129976,18.950001,18.049989,18.080011,158000,3.129132
2004-07-20,18.009995,18.499995,17.800004,18.499995,120300,3.20182
2004-07-19,18.179994,18.599979,17.729988,18.199992,193700,3.149898
2004-07-16,19.270002,19.329992,18.740008,18.750032,159300,3.245094
2004-07-15,19.170017,19.38001,19.119999,19.199986,99500,3.322968
2004-07-14,18.979971,19.560032,18.979971,19.090029,88400,3.303938
2004-07-13,19.349989,19.539985,19.069982,19.17999,116700,3.319507
2004-07-12,19.060009,19.640019,18.879986,19.400006,95400,3.357586
2004-07-09,19.21001,19.21001,18.950001,19.139996,35300,3.312586
2004-07-08,19.060009,19.349989,18.850016,19.069982,113400,3.300468
2004-07-07,19.329992,19.870009,19.319968,19.539985,32400,3.381812
2004-07-06,18.839992,19.629996,18.839992,19.329992,77100,3.345468
2004-07-02,19.349989,19.489967,19.009991,19.199986,73100,3.322968
2004-07-01,19.850012,19.850012,19.349989,19.349989,60800,3.348929
2004-06-30,20.490013,20.499985,19.730031,20.190009,50900,3.494313
2004-06-29,19.689986,20.490013,19.080005,20.490013,89300,3.546235
2004-06-28,19.680013,19.839988,19.329992,19.819991,94100,3.430273
2004-06-25,19.430027,22.90999,18.850016,19.870009,275400,3.43893
2004-06-24,18.939977,19.980017,18.939977,18.950001,124400,3.279703
2004-06-23,19.390034,19.90003,18.910007,19.539985,57600,3.381812
2004-06-22,18.859989,19.420003,18.850016,19.409979,92000,3.359312
2004-06-21,18.870014,18.950001,18.859989,18.899983,57600,3.271046
2004-06-18,18.979971,19.329992,18.809972,19.009991,225000,3.290085
2004-06-17,19.550009,19.90003,19.109976,19.250004,58700,3.331625
2004-06-16,19.810018,19.850012,19.250004,19.519987,97200,3.378351
2004-06-15,19.510015,19.969993,19.319968,19.579978,52700,3.388734
2004-06-14,19.980017,19.980017,19.319968,19.319968,152700,3.343733
2004-06-10,20.200033,20.700006,20.000013,20.170013,118400,3.490852
2004-06-09,20.499985,20.510011,19.850012,19.980017,39300,3.457969
2004-06-08,20.28002,20.499985,20.150015,20.240027,26600,3.502969
2004-06-07,19.600025,20.499985,19.600025,20.499985,48800,3.547961
2004-06-04,19.989991,20.450018,19.989991,20.000013,16400,3.46143
2004-06-03,20.139992,20.30999,19.959969,20.000013,180200,3.46143
2004-06-02,19.720006,20.949991,19.720006,20.700006,159900,3.582579
2004-06-01,19.040011,19.799994,19.000018,19.799994,171500,3.426812
2004-05-28,19.300022,19.90003,19.14997,19.159993,81000,3.316046
2004-05-27,19.969993,19.969993,19.390034,19.870009,56700,3.43893
2004-05-26,19.219984,20.429972,19.219984,20.000013,81000,3.46143
2004-05-25,19.499991,20.400003,19.499991,20.400003,78900,3.530657
2004-05-24,19.749977,20.320015,19.720006,20.240027,32400,3.502969
2004-05-21,19.609999,20.259972,19.609999,20.259972,222800,3.506421
2004-05-20,19.70001,19.70001,19.329992,19.499991,170300,3.37489
2004-05-19,19.689986,19.859985,19.600025,19.680013,96000,3.406047
2004-05-18,19.600025,19.969993,19.600025,19.969993,62700,3.456234
2004-05-17,19.76,19.770024,19.159993,19.740004,90500,3.41643
2004-05-14,19.609999,20.000013,19.560032,19.799994,44600,3.426812
2004-05-13,19.709984,20.289995,19.709984,19.810018,118400,3.428547
2004-05-12,19.230008,20.299967,19.21001,20.259972,85200,3.506421
2004-05-11,19.250004,19.940023,19.130023,19.940023,92400,3.451047
2004-05-10,19.44,19.530011,19.000018,19.349989,51900,3.348929
2004-05-07,19.749977,19.749977,19.009991,19.109976,56900,3.30739
2004-05-06,19.649992,19.959969,19.300022,19.369985,101400,3.35239
2004-05-05,19.949997,20.240027,19.749977,20.000013,24500,3.46143
2004-05-04,19.570005,20.370031,19.570005,19.799994,41400,3.426812
2004-05-03,19.819991,20.389978,19.23998,19.720006,89300,3.412969
2004-04-30,20.009987,20.499985,19.510015,19.940023,118800,3.451047
2004-04-29,20.389978,20.389978,20.000013,20.000013,88400,3.46143
2004-04-28,20.110021,20.380005,20.110021,20.210006,54900,3.497774
2004-04-27,20.150015,20.400003,20.150015,20.230003,76200,3.501234
2004-04-26,20.25,20.499985,20.089974,20.150015,97200,3.487391
2004-04-23,19.649992,20.320015,19.649992,20.020011,258000,3.464891
2004-04-22,18.979971,20.380005,18.839992,20.380005,238200,3.527196
2004-04-21,18.870014,19.040011,18.769978,18.780002,53600,3.250281
2004-04-20,19.21001,19.390034,19.000018,19.060009,123800,3.298742
2004-04-19,19.049985,19.649992,18.509968,19.640019,177000,3.399125
2004-04-16,19.530011,20.000013,18.899983,19.309995,106700,3.342008
2004-04-15,20.470016,20.47999,19.609999,19.609999,75800,3.393929
2004-04-14,20.499985,21.249995,20.21998,20.349985,70800,3.522
2004-04-13,21.000009,21.000009,19.689986,20.009987,44700,3.463156
2004-04-12,20.299967,20.989986,20.000013,20.499985,48600,3.547961
2004-04-08,20.830011,20.839984,20.259972,20.389978,37400,3.528922
2004-04-07,20.799991,21.000009,20.510011,20.59997,65000,3.565265
2004-04-06,20.620019,21.119992,20.620019,20.969989,199800,3.629305
2004-04-05,20.230003,21.249995,20.230003,21.239972,295800,3.676031
2004-04-02,20.490013,20.570001,20.200033,20.490013,34700,3.546235
2004-04-01,20.259972,20.389978,20.200033,20.25,231000,3.504695
2004-03-31,20.029984,20.419998,19.789971,20.28002,39300,3.509891
2004-03-30,20.499985,20.499985,20.139992,20.450018,25700,3.539313
2004-03-29,20.439995,20.499985,19.510015,20.499985,91400,3.547961
2004-03-26,19.859985,20.419998,19.859985,20.029984,37400,3.466617
2004-03-25,19.919975,20.089974,19.640019,20.089974,154800,3.477
2004-03-24,20.049981,20.049981,19.340016,19.640019,22200,3.399125
2004-03-23,19.819991,19.819991,18.599979,19.810018,66800,3.428547
2004-03-22,19.640019,19.890006,19.510015,19.819991,123500,3.430273
2004-03-19,20.070028,20.419998,19.879981,19.969993,172400,3.456234
2004-03-18,20.190009,20.389978,20.049981,20.070028,20300,3.473547
2004-03-17,20.089974,20.510011,19.66999,20.110021,182300,3.480469
2004-03-16,20.230003,20.439995,20.080001,20.089974,87000,3.477
2004-03-15,20.28002,20.299967,20.099998,20.139992,76200,3.485656
2004-03-12,20.150015,20.499985,20.110021,20.429972,59000,3.535843
2004-03-11,20.179986,20.439995,20.070028,20.159988,70800,3.489117
2004-03-10,20.30999,20.30999,20.070028,20.139992,88400,3.485656
2004-03-09,20.299967,20.450018,20.080001,20.259972,77000,3.506421
2004-03-08,20.210006,20.259972,20.070028,20.070028,51900,3.473547
2004-03-05,20.28002,20.380005,20.070028,20.119995,71100,3.482195
2004-03-04,20.159988,20.25,20.089974,20.179986,10400,3.492578
2004-03-03,20.099998,20.21998,20.029984,20.060005,53600,3.471813
2004-03-02,20.179986,20.429972,20.139992,20.419998,42500,3.534117
2004-03-01,20.230003,20.550003,20.110021,20.119995,32600,3.482195
2004-02-27,19.850012,20.070028,19.810018,20.020011,326300,3.464891
2004-02-26,19.770024,20.000013,19.749977,20.000013,92400,3.46143
2004-02-25,19.76,19.830016,19.740004,19.779998,70200,3.423351
2004-02-24,20.000013,20.000013,19.76,19.830016,52800,3.432008
2004-02-23,19.499991,19.929999,19.499991,19.830016,81900,3.432008
2004-02-20,19.730031,20.070028,19.170017,19.770024,71700,3.421625
2004-02-19,19.300022,20.200033,19.300022,19.799994,117500,3.426812
2004-02-18,19.170017,19.369985,19.029989,19.279974,19500,3.336812
2004-02-17,19.250004,19.519987,18.750032,18.92003,60800,3.274516
2004-02-13,19.649992,19.649992,19.340016,19.479993,88400,3.371429
2004-02-12,17.800004,19.740004,17.800004,19.619972,149100,3.395656
2004-02-11,18.819996,18.819996,17.27001,17.999972,966800,3.11528
2004-02-10,19.600025,19.600025,18.950001,19.449973,115700,3.366234
2004-02-09,19.910003,19.910003,18.910007,19.44,56900,3.364508
2004-02-06,18.910007,19.199986,18.799998,19.119999,21200,3.309125
2004-02-05,19.000018,19.049985,18.700014,18.700014,52700,3.236437
2004-02-04,18.930004,19.069982,18.550013,18.700014,144600,3.236437
2004-02-03,18.299976,19.289998,18.299976,18.92003,196700,3.274516
2004-02-02,18.769978,19.470021,18.700014,19.300022,194600,3.340281
2004-01-30,19.119999,19.680013,19.000018,19.040011,44700,3.295281
2004-01-29,21.26002,21.26002,19.009991,19.040011,176100,3.295281
2004-01-28,20.240027,21.390025,20.240027,20.920022,71700,3.620657
2004-01-27,20.799991,21.739996,20.799991,21.280017,35700,3.682962
2004-01-26,21.990032,21.990032,20.969989,21.139987,96000,3.658727
2004-01-23,20.769968,21.55,20.769968,21.369977,70800,3.698531
2004-01-22,22.030027,22.340002,20.810014,20.920022,152700,3.620657
2004-01-21,21.759993,22.430015,21.759993,22.000006,613800,3.807571
2004-01-20,21.170007,22.399992,21.170007,22.399992,124400,3.876797
2004-01-16,20.850006,22.049971,20.850006,22.030027,324200,3.812767
2004-01-15,20.389978,21.55,20.040007,21.55,204500,3.729688
2004-01-14,19.550009,20.680009,19.44,20.410026,272700,3.532391
2004-01-13,19.250004,19.499991,19.250004,19.499991,409100,3.37489
2004-01-12,19.749977,19.749977,19.390034,19.499991,79800,3.37489
2004-01-09,18.92003,20.000013,18.92003,19.629996,228200,3.39739
2004-01-08,18.83002,19.489967,18.83002,19.21001,133800,3.324703
2004-01-07,18.910007,19.300022,18.910007,19.190014,24500,3.321242
2004-01-06,18.620027,19.289998,18.620027,19.289998,115700,3.338547
2004-01-05,18.700014,19.21001,18.700014,19.020015,55500,3.29182
2004-01-02,19.470021,19.479993,18.819996,18.930004,11000,3.276242
2003-12-31,19.000018,19.409979,18.790026,19.409979,108600,3.359312
2003-12-30,18.440004,19.309995,18.440004,19.309995,70800,3.342008
2003-12-29,19.289998,19.489967,18.320023,18.930004,137700,3.276242
2003-12-26,18.590007,18.839992,18.590007,18.799998,14400,3.253742
2003-12-24,18.620027,18.859989,18.360016,18.669994,26300,3.231242
2003-12-23,18.580033,18.979971,18.320023,18.729984,42800,3.241624
2003-12-22,18.36999,18.440004,18.100007,18.440004,9500,3.191437
2003-12-19,19.289998,19.409979,17.970002,18.499995,81200,3.20182
2003-12-18,18.270006,19.250004,18.270006,19.000018,92000,3.288359
2003-12-17,18.450028,18.559985,17.999972,18.259982,25700,3.16028
2003-12-16,18.590007,18.590007,18.080011,18.479998,29700,3.198359
2003-12-15,17.950005,19.250004,17.950005,18.700014,91400,3.236437
2003-12-12,19.000018,19.309995,18.700014,19.309995,28500,3.342008
2003-12-11,17.510023,18.799998,17.510023,18.790026,93200,3.252016
2003-12-10,17.869967,18.420008,17.76001,18.250008,60800,3.158554
2003-12-09,18.769978,18.819996,17.729988,17.999972,46800,3.11528
2003-12-08,17.510023,18.550013,17.510023,18.550013,46500,3.210476
2003-12-05,18.270006,18.750032,18.219988,18.239986,38400,3.156819
2003-12-04,18.179994,18.31,17.869967,18.219988,78300,3.153358
2003-12-03,18.799998,19.109976,18.210015,18.210015,50000,3.151632
2003-12-02,19.000018,19.250004,18.879986,18.879986,40700,3.267585
2003-12-01,17.590011,19.250004,17.590011,18.899983,72200,3.271046
2003-11-28,19.329992,19.629996,18.750032,18.750032,13100,3.245094
2003-11-26,19.76,19.810018,18.92003,19.109976,22200,3.30739
2003-11-25,18.92003,19.730031,18.92003,19.730031,109400,3.414704
2003-11-24,18.150025,19.029989,17.959979,19.000018,117600,3.288359
2003-11-21,17.910011,18.250008,17.76001,18.239986,32600,3.156819
2003-11-20,17.800004,17.910011,17.590011,17.699968,66200,3.063358
2003-11-19,17.729988,17.899987,17.579987,17.76001,183600,3.073749
2003-11-18,17.970002,18.210015,17.729988,17.729988,114300,3.068554
2003-11-17,19.17999,19.279974,17.930008,17.930008,150000,3.103171
2003-11-14,20.570001,20.790016,19.230008,19.23998,102200,3.32989
2003-11-13,20.21998,20.530006,19.910003,20.419998,48800,3.534117
2003-11-12,19.17999,20.490013,19.17999,20.490013,119700,3.546235
2003-11-11,19.000018,19.250004,19.000018,19.080005,52800,3.302203
2003-11-10,19.130023,19.159993,18.950001,18.950001,76200,3.279703
2003-11-07,19.100003,19.300022,19.000018,19.009991,55500,3.290085
2003-11-06,19.040011,19.100003,19.000018,19.100003,26300,3.305664
2003-11-05,18.760004,19.060009,18.700014,19.049985,67100,3.297007
2003-11-04,18.720011,19.000018,18.720011,18.899983,24300,3.271046
2003-11-03,18.740008,18.969997,18.460001,18.870014,54000,3.265859
2003-10-31,18.669994,18.950001,18.490022,18.499995,50000,3.20182
2003-10-30,18.490022,18.700014,18.409983,18.420008,103500,3.187976
2003-10-29,18.389987,18.490022,18.250008,18.490022,123800,3.200094
2003-10-28,17.899987,18.490022,17.749986,18.490022,83300,3.200094
2003-10-27,17.950005,18.049989,17.82,17.899987,114300,3.097975
2003-10-24,17.579987,18.029993,17.579987,17.800004,99500,3.080671
2003-10-23,17.409988,17.659974,17.170025,17.610007,58700,3.047788
2003-10-22,17.910011,17.989999,17.529969,17.529969,128900,3.033936
2003-10-21,18.329996,18.450028,17.940032,18.020019,177000,3.11875
2003-10-20,18.349993,18.68999,18.100007,18.329996,101300,3.172398
2003-10-17,18.440004,18.68999,17.950005,18.550013,75800,3.210476
2003-10-16,18.360016,18.460001,18.270006,18.460001,33300,3.194898
2003-10-15,18.740008,18.740008,18.299976,18.389987,86000,3.18278
2003-10-14,18.36999,18.850016,18.36999,18.750032,66200,3.245094
2003-10-13,17.919985,18.440004,17.919985,18.409983,83000,3.186241
2003-10-10,17.910011,18.100007,17.899987,17.970002,135900,3.110093
2003-10-09,18.009995,18.110031,17.899987,17.999972,31200,3.11528
2003-10-08,18.159998,18.31,17.879991,17.919985,41900,3.101436
2003-10-07,17.250013,18.199992,17.250013,18.159998,116700,3.142976
2003-10-06,17.489975,18.479998,17.319977,18.479998,91400,3.198359
2003-10-03,17.550017,17.770033,17.310004,17.689995,45900,3.061632
2003-10-02,16.80998,17.61998,16.80998,17.550017,93200,3.037406
2003-10-01,16.299984,17.210019,16.299984,17.130031,64800,2.964718
2003-09-30,16.509977,16.740017,16.299984,16.449987,106700,2.847022
2003-09-29,16.180003,16.78001,16.150033,16.389996,55500,2.836639
2003-09-26,16.630009,16.670003,16.230021,16.429989,120300,2.843561
2003-09-25,16.899992,16.950009,16.639982,16.670003,203400,2.8851
2003-09-24,17.089987,17.27001,16.950009,16.950009,43800,2.933562
2003-09-23,17.420012,17.510023,17.049993,17.080015,137900,2.956062
2003-09-22,17.380018,17.499999,17.069991,17.199996,103200,2.976827
2003-09-19,17.630005,17.910011,17.409988,17.499999,123800,3.028749
2003-09-18,17.460005,17.729988,17.449981,17.47003,102600,3.023562
2003-09-17,17.78998,17.980026,17.489975,17.640029,32600,3.052984
2003-09-16,17.699968,18.089983,17.440009,18.060013,122400,3.125671
2003-09-15,17.499999,17.76001,17.499999,17.610007,69800,3.047788
2003-09-12,17.529969,17.999972,17.499999,17.570013,104600,3.040866
2003-09-11,17.749986,18.049989,17.420012,17.959979,240900,3.108358
2003-09-10,18.339969,18.349993,18.100007,18.110031,227700,3.134328
2003-09-09,18.450028,18.499995,18.299976,18.499995,41400,3.20182
2003-09-08,18.250008,18.450028,18.100007,18.450028,178400,3.193172
2003-09-05,18.250008,18.389987,18.230012,18.230012,172100,3.155093
2003-09-04,18.190018,18.210015,18.190018,18.190018,99200,3.148172
2003-09-03,18.450028,18.450028,18.179994,18.210015,83300,3.151632
2003-09-02,18.140001,18.460001,18.089983,18.450028,124800,3.193172
2003-08-29,18.100007,18.239986,18.100007,18.110031,100100,3.134328
2003-08-28,18.389987,18.40001,18.100007,18.120004,150800,3.136054
2003-08-27,18.490022,18.490022,18.40001,18.40001,141800,3.184515
2003-08-26,18.570009,18.570009,18.230012,18.40001,37400,3.184515
2003-08-25,18.700014,18.750032,18.219988,18.299976,22500,3.167202
2003-08-22,18.750032,18.750032,18.440004,18.499995,63000,3.20182
2003-08-21,18.490022,18.750032,18.450028,18.610003,34700,3.220859
2003-08-20,18.40001,18.499995,18.40001,18.499995,28400,3.20182
2003-08-19,18.460001,18.750032,18.230012,18.450028,159300,3.193172
2003-08-18,18.750032,18.750032,18.440004,18.679967,50000,3.232968
2003-08-15,18.290002,18.740008,18.290002,18.720011,28500,3.239898
2003-08-14,18.080011,18.299976,18.080011,18.230012,23600,3.155093
2003-08-13,18.110031,18.250008,18.029993,18.029993,40700,3.120476
2003-08-12,17.82,18.349993,17.499999,18.219988,73100,3.153358
2003-08-11,17.749986,17.999972,17.749986,17.930008,55500,3.103171
2003-08-08,18.750032,18.750032,17.76001,17.829973,150800,3.085858
2003-08-07,18.009995,18.190018,17.85002,17.980026,94500,3.111828
2003-08-06,18.639973,18.639973,18.040017,18.150025,287600,3.14125
2003-08-05,18.620027,18.700014,18.519991,18.639973,57600,3.226046
2003-08-04,18.570009,18.740008,18.259982,18.36999,93300,3.179319
2003-08-01,18.120004,18.570009,17.890014,18.40001,168900,3.184515
2003-07-31,17.440009,18.129976,17.440009,17.899987,100100,3.097975
2003-07-30,18.049989,18.649997,17.689995,17.699968,75200,3.063358
2003-07-29,18.080011,18.089983,17.55999,18.029993,59000,3.120476
2003-07-28,17.340024,18.700014,17.250013,17.999972,220700,3.11528
2003-07-25,17.089987,17.349998,17.089987,17.319977,92400,2.997592
2003-07-24,17.610007,17.610007,17.199996,17.199996,276800,2.976827
2003-07-23,17.989999,17.989999,17.599984,17.61998,110700,3.049514
2003-07-22,17.899987,17.999972,17.310004,17.999972,121500,3.11528
2003-07-21,18.299976,18.339969,17.720016,17.999972,263300,3.11528
2003-07-18,19.640019,19.640019,17.539993,18.120004,346500,3.136054
2003-07-17,19.839988,19.879981,19.590002,19.609999,68100,3.393929
2003-07-16,19.660016,19.959969,19.660016,19.839988,216000,3.433734
2003-07-15,19.499991,19.749977,19.499991,19.749977,276800,3.418156
2003-07-14,19.600025,19.90003,19.600025,19.649992,129600,3.400851
2003-07-11,19.619972,19.619972,19.44,19.44,173000,3.364508
2003-07-10,19.720006,19.749977,19.449973,19.470021,85100,3.369703
2003-07-09,19.76,19.830016,19.449973,19.629996,118400,3.39739
2003-07-08,19.489967,19.949997,19.400006,19.689986,242300,3.407773
2003-07-07,19.349989,19.349989,18.809972,19.130023,197700,3.310859
2003-07-03,19.009991,19.499991,18.360016,18.809972,98100,3.255468
2003-07-02,18.499995,19.100003,18.450028,19.100003,200700,3.305664
2003-07-01,18.930004,18.930004,18.36999,18.499995,193200,3.20182
2003-06-30,18.930004,18.930004,17.78998,18.519991,366500,3.20528
2003-06-27,18.479998,19.000018,18.479998,18.570009,58700,3.213937
2003-06-26,18.550013,18.559985,18.429981,18.469975,287600,3.196624
2003-06-25,18.460001,18.550013,18.179994,18.440004,248400,3.191437
2003-06-24,18.150025,18.380014,18.049989,18.250008,199400,3.158554
2003-06-23,17.959979,18.360016,17.959979,18.049989,270200,3.123936
2003-06-20,18.250008,18.490022,17.510023,17.980026,22200,3.111828
2003-06-19,17.800004,18.36999,17.800004,18.120004,107300,3.136054
2003-06-18,17.630005,18.069986,17.630005,17.810027,137000,3.082406
2003-06-17,18.63,18.63,17.089987,17.720016,148100,3.066828
2003-06-16,19.080005,19.090029,18.649997,18.68999,144600,3.234702
2003-06-13,19.23998,19.499991,19.14997,19.170017,316800,3.317781
2003-06-12,19.489967,19.499991,18.960024,19.250004,158900,3.331625
2003-06-11,18.63,19.349989,18.259982,18.910007,106200,3.272781
2003-06-10,18.979971,19.000018,18.129976,18.63,148100,3.22432
2003-06-09,19.499991,19.689986,18.570009,18.790026,147200,3.252016
2003-06-06,17.829973,19.770024,17.829973,19.640019,354600,3.399125
2003-06-05,17.199996,18.190018,17.199996,18.179994,207900,3.146437
2003-06-04,15.899996,17.980026,15.800012,17.499999,212600,3.028749
2003-06-03,15.399973,15.500008,15.220001,15.220001,23100,2.634147
2003-06-02,14.970015,15.449991,14.970015,15.39,170300,2.663568
2003-05-30,14.999985,15.699976,14.919998,15.33001,75200,2.653186
2003-05-29,15.279992,15.699976,13.999989,14.90,582500,2.578764
2003-05-28,14.650015,15.120017,14.200009,14.690008,114300,2.54242
2003-05-27,14.03001,14.639991,14.03001,14.639991,233100,2.533763
2003-05-23,14.019987,14.209982,14.019987,14.209982,16400,2.459341
2003-05-22,14.11997,14.489989,13.999989,14.160015,60900,2.450693
2003-05-21,14.03001,14.070003,13.920002,13.979993,39800,2.419537
2003-05-20,14.060031,14.060031,13.869984,13.920002,93300,2.409154
2003-05-19,14.650015,14.740025,13.999989,13.999989,293900,2.422997
2003-05-16,14.889977,15.200004,14.650015,14.650015,197300,2.535498
2003-05-15,15.399973,15.399973,14.90,15.200004,54000,2.630686
2003-05-14,15.500008,15.500008,15.18998,15.350006,62700,2.656647
2003-05-13,15.500008,15.500008,15.299988,15.310012,42500,2.649725
2003-05-12,15.39,15.800012,15.39,15.520005,131900,2.686069
2003-05-09,14.80999,15.39,14.80999,15.380026,130500,2.661842
2003-05-08,14.240002,14.769996,14.240002,14.769996,50900,2.556264
2003-05-07,14.240002,14.299994,14.010013,14.299994,126500,2.47492
2003-05-06,13.880008,14.249976,13.880008,14.019987,135600,2.426458
2003-05-05,13.999989,13.999989,13.710009,13.73998,270600,2.377997
2003-05-02,14.129995,14.299994,13.849988,14.189985,57600,2.45588
2003-05-01,13.699986,13.730006,13.549983,13.730006,18200,2.376271
2003-04-30,13.949971,14.050007,13.690013,13.690013,126900,2.369349
2003-04-29,13.900005,14.03001,13.549983,13.549983,71700,2.345114
2003-04-28,14.050007,14.050007,13.77,13.939999,38400,2.412615
2003-04-25,13.959995,14.050007,13.77,14.039983,30600,2.429919
2003-04-24,13.750003,14.200009,13.750003,13.800021,82400,2.388389
2003-04-23,13.180017,13.750003,13.180017,13.639995,81900,2.360693
2003-04-22,13.399982,13.449999,13.099978,13.269976,261500,2.296653
2003-04-21,13.149995,13.449999,13.120025,13.410006,103200,2.320888
2003-04-17,12.860016,13.370012,12.75998,13.350014,423500,2.310505
2003-04-16,12.450004,12.780028,12.44003,12.650023,171500,2.189357
2003-04-15,12.869989,13.090005,12.450004,12.480024,204800,2.159935
2003-04-14,13.479969,13.479969,13.139972,13.290024,83900,2.300123
2003-04-11,13.359988,13.359988,13.120025,13.120025,55500,2.270701
2003-04-10,13.350014,13.350014,13.160019,13.160019,22500,2.277623
2003-04-09,13.399982,13.399982,13.160019,13.160019,31700,2.277623
2003-04-08,13.460024,13.460024,13.28,13.390008,25700,2.317427
2003-04-07,13.330018,13.500017,13.189989,13.22001,29700,2.288005
2003-04-04,13.059985,13.350014,13.059985,13.30997,26300,2.303575
2003-04-03,13.469996,13.469996,12.849992,12.910033,26300,2.234357
2003-04-02,13.299998,13.609974,13.110001,13.240007,53600,2.291466
2003-04-01,12.540015,13.330018,12.499971,13.30997,177500,2.303575
2003-03-31,13.600001,13.600001,12.69999,12.69999,59000,2.198005
2003-03-28,13.149995,13.449999,13.149995,13.399982,37800,2.319153
2003-03-27,13.350014,13.430002,13.149995,13.149995,34400,2.275888
2003-03-26,13.549983,13.699986,13.500017,13.500017,21600,2.336467
2003-03-25,13.600001,13.679989,13.250031,13.659992,28400,2.364154
2003-03-24,13.600001,13.800021,13.600001,13.600001,36500,2.353771
2003-03-21,14.240002,14.240002,13.779974,14.010013,107600,2.424732
2003-03-20,13.999989,14.160015,13.890032,14.149991,38700,2.448958
2003-03-19,14.200009,14.249976,13.649968,14.200009,52700,2.457615
2003-03-18,13.990016,14.28997,13.990016,14.28997,50600,2.473185
2003-03-17,13.920002,14.449995,13.449999,14.070003,137700,2.435115
2003-03-14,14.070003,14.070003,13.410006,14.03001,69000,2.428193
2003-03-13,14.200009,14.200009,13.82999,14.070003,28400,2.435115
2003-03-12,13.77,13.97002,13.430002,13.97002,42800,2.417811
2003-03-11,13.679989,13.710009,13.509989,13.590028,35300,2.352045
2003-03-10,13.750003,13.77,13.699986,13.699986,81000,2.371075
2003-03-07,14.129995,14.270023,13.800021,13.849988,74300,2.397036
2003-03-06,14.050007,14.129995,13.869984,13.890032,71700,2.403967
2003-03-05,13.120025,13.840014,13.099978,13.760027,137000,2.381467
2003-03-04,13.97002,14.140019,13.630021,13.699986,178200,2.371075
2003-03-03,14.039983,14.26,14.039983,14.140019,125600,2.447233
2003-02-28,14.149991,14.240002,14.11997,14.169988,91100,2.452419
2003-02-27,13.699986,14.220006,13.699986,14.11997,60900,2.443763
2003-02-26,13.630021,14.060031,13.430002,13.77,75200,2.383193
2003-02-25,14.279996,14.279996,13.540011,13.619999,47400,2.357232
2003-02-24,14.449995,14.500013,14.010013,14.279996,63600,2.471459
2003-02-21,14.010013,14.560003,14.010013,14.520009,56900,2.512998
2003-02-20,13.529987,14.019987,13.439975,13.930026,36500,2.410889
2003-02-19,13.900005,13.900005,13.250031,13.520014,87900,2.339927
2003-02-18,13.399982,14.370008,13.399982,14.200009,110700,2.457615
2003-02-14,13.399982,13.639995,12.549989,13.549983,74900,2.345114
2003-02-13,13.760027,13.849988,11.989975,12.999993,244400,2.249927
2003-02-12,15.699976,15.699976,13.600001,13.880008,242300,2.402232
2003-02-11,15.529979,16.219997,15.380026,15.639986,101400,2.706834
2003-02-10,15.550025,15.729998,15.500008,15.599993,44600,2.699912
2003-02-07,15.809985,16.299984,15.590019,15.720025,69800,2.720686
2003-02-06,16.320032,16.330006,15.749994,15.829982,768800,2.739717
2003-02-05,16.660029,16.660029,16.049999,16.150033,24500,2.795108
2003-02-04,16.219997,16.539997,16.16998,16.539997,18500,2.8626
2003-02-03,16.010005,16.590015,16.010005,16.180003,151800,2.800295
2003-01-31,16.800008,16.840002,15.510032,16.190027,154100,2.80203
2003-01-30,17.630005,17.630005,16.800008,16.840002,63000,2.914522
2003-01-29,17.359971,17.980026,17.27001,17.630005,22200,3.051249
2003-01-28,17.349998,17.980026,17.250013,17.340024,65700,3.001062
2003-01-27,17.910011,18.190018,17.369994,17.420012,58700,3.014905
2003-01-24,18.009995,18.349993,17.999972,18.089983,52700,3.130858
2003-01-23,18.539989,18.590007,18.270006,18.499995,12300,3.20182
2003-01-22,18.159998,18.440004,18.159998,18.199992,12200,3.149898
2003-01-21,18.979971,18.979971,18.060013,18.060013,43800,3.125671
2003-01-17,18.259982,18.799998,18.259982,18.639973,94500,3.226046
2003-01-16,18.40001,18.40001,18.250008,18.250008,13500,3.158554
2003-01-15,18.639973,18.639973,18.009995,18.460001,16400,3.194898
2003-01-14,17.999972,18.639973,17.999972,18.509968,20300,3.203546
2003-01-13,18.750032,18.750032,17.800004,17.999972,163400,3.11528
2003-01-10,18.150025,18.740008,18.150025,18.490022,13500,3.200094
2003-01-09,17.800004,18.63,17.800004,18.270006,67700,3.162015
2003-01-08,18.440004,18.68999,17.82,18.389987,144000,3.18278
2003-01-07,19.069982,19.38001,18.590007,18.590007,40500,3.217398
2003-01-06,18.859989,19.489967,18.859989,19.360012,71100,3.350664
2003-01-03,17.950005,18.989995,17.950005,18.859989,43400,3.264124
2003-01-02,18.559985,19.14997,17.950005,19.040011,59600,3.295281
2002-12-31,18.210015,19.199986,18.009995,18.429981,90500,3.189702
2002-12-30,18.150025,18.420008,17.910011,18.420008,63600,3.187976
2002-12-27,19.17999,19.17999,17.499999,18.120004,424100,3.136054
2002-12-26,19.260028,19.400006,19.009991,19.009991,48600,3.290085
2002-12-24,19.23998,19.38001,19.049985,19.260028,42500,3.33336
2002-12-23,18.490022,19.309995,18.479998,19.250004,94500,3.331625
2002-12-20,16.670003,18.550013,16.360026,18.499995,118400,3.20182
2002-12-19,17.989999,17.999972,17.359971,17.999972,47400,3.11528
2002-12-18,17.510023,18.469975,17.499999,17.950005,37800,3.106632
2002-12-17,18.490022,18.490022,17.630005,17.630005,30600,3.051249
2002-12-16,18.089983,18.199992,17.650001,18.199992,34400,3.149898
2002-12-13,18.210015,18.479998,17.76001,17.85002,36500,3.089328
2002-12-12,18.649997,18.649997,17.989999,18.150025,36500,3.14125
2002-12-11,19.000018,19.199986,18.270006,18.649997,82400,3.227781
2002-12-10,19.000018,19.250004,18.839992,19.250004,42500,3.331625
2002-12-09,19.009991,19.510015,18.499995,18.519991,71700,3.20528
2002-12-06,18.660021,18.89001,18.409983,18.799998,69800,3.253742
2002-12-05,19.250004,19.279974,18.649997,18.669994,41900,3.231242
2002-12-04,19.400006,19.44,19.009991,19.360012,15500,3.350664
2002-12-03,20.099998,20.099998,19.409979,19.409979,29300,3.359312
2002-12-02,19.519987,20.880029,19.499991,20.099998,96500,3.478734
2002-11-29,19.949997,20.099998,19.519987,19.600025,21600,3.392203
2002-11-27,19.870009,20.099998,19.76,20.099998,42500,3.478734
2002-11-26,20.000013,20.099998,19.600025,20.070028,72900,3.473547
2002-11-25,20.989986,21.000009,20.080001,20.099998,87900,3.478734
2002-11-22,19.740004,21.000009,19.560032,21.000009,144600,3.634501
2002-11-21,19.499991,19.879981,19.499991,19.709984,54600,3.411234
2002-11-20,19.060009,19.550009,19.000018,19.550009,90000,3.383547
2002-11-19,19.009991,19.570005,19.000018,19.100003,62100,3.305664
2002-11-18,18.700014,19.060009,18.590007,18.879986,87900,3.267585
2002-11-15,18.499995,18.910007,18.31,18.649997,106700,3.227781
2002-11-14,18.479998,18.509968,18.290002,18.499995,93300,3.20182
2002-11-13,18.460001,18.599979,18.199992,18.40001,743400,3.184515
2002-11-12,18.299976,18.639973,18.299976,18.450028,166200,3.193172
2002-11-11,19.14997,19.14997,17.85002,18.299976,112200,3.167202
2002-11-08,19.539985,19.539985,17.919985,18.720011,68900,3.239898
2002-11-07,19.23998,19.619972,19.029989,19.289998,85100,3.338547
2002-11-06,19.749977,19.749977,18.460001,19.660016,127500,3.402586
2002-11-05,19.749977,19.749977,19.66999,19.740004,23100,3.41643
2002-11-04,19.799994,19.879981,19.499991,19.749977,56700,3.418156
2002-11-01,19.17999,19.799994,18.910007,19.600025,184500,3.392203
2002-10-31,19.190014,19.199986,18.709988,18.709988,61700,3.238163
2002-10-30,19.000018,19.199986,18.610003,19.199986,218000,3.322968
2002-10-29,19.230008,19.300022,18.409983,19.000018,60900,3.288359
2002-10-28,18.499995,19.489967,18.499995,18.649997,54900,3.227781
2002-10-25,18.239986,19.000018,17.999972,19.000018,73800,3.288359
2002-10-24,17.879991,18.210015,17.879991,18.080011,37800,3.129132
2002-10-23,17.499999,17.950005,17.499999,17.950005,111300,3.106632
2002-10-22,17.749986,17.950005,17.499999,17.859994,66800,3.091054
2002-10-21,17.919985,17.919985,17.499999,17.599984,48600,3.046054
2002-10-18,17.319977,17.78998,16.509977,17.499999,364500,3.028749
2002-10-17,17.000027,17.380018,16.74999,17.33,309200,2.999327
2002-10-16,17.27001,17.27001,16.729993,16.950009,97400,2.933562
2002-10-15,16.610011,17.279984,16.360026,17.279984,69000,2.990671
2002-10-14,16.20,16.480007,16.20,16.20,26600,2.803756
2002-10-11,15.500008,16.299984,15.500008,16.20,57600,2.803756
2002-10-10,17.189972,17.189972,15.510032,16.230021,33300,2.808952
2002-10-09,17.189972,17.189972,15.670007,15.999981,41400,2.769139
2002-10-08,16.100015,16.700023,15.899996,16.500003,55500,2.855678
2002-10-07,16.559995,16.599988,15.800012,16.039975,135900,2.776061
2002-10-04,16.100015,17.000027,16.100015,16.630009,29300,2.878179
2002-10-03,16.549971,17.199996,16.369999,16.74999,47400,2.898944
2002-10-02,16.299984,17.100011,16.299984,17.089987,24300,2.957788
2002-10-01,16.769986,17.23999,16.500003,16.950009,75800,2.933562
2002-09-30,16.310008,17.310004,16.299984,16.919989,48800,2.928366
2002-09-27,17.480003,17.499999,16.020028,17.040021,43400,2.94914
2002-09-26,17.230016,17.480003,16.360026,17.389991,41400,3.00971
2002-09-25,16.610011,17.109984,15.800012,16.389996,147200,2.836639
2002-09-24,16.109989,17.76001,16.100015,16.700023,104600,2.890296
2002-09-23,16.049999,16.660029,16.020028,16.660029,77000,2.883374
2002-09-20,15.529979,16.109989,15.399973,15.990007,263400,2.767413
2002-09-19,15.860002,15.950014,15.500008,15.550025,82400,2.691264
2002-09-18,15.85003,16.100015,15.85003,15.999981,137000,2.769139
2002-09-17,16.16998,16.469983,15.610017,15.610017,95100,2.701647
2002-09-16,16.899992,17.000027,16.150033,16.270014,130500,2.815874
2002-09-13,17.250013,17.250013,16.800008,17.149978,152100,2.96817
2002-09-12,17.340024,17.340024,16.800008,17.210019,42800,2.978562
2002-09-11,16.800008,17.279984,16.650005,16.899992,44600,2.924905
2002-09-10,16.670003,16.800008,16.160006,16.800008,46800,2.907601
2002-09-09,16.429989,16.769986,16.16998,16.670003,59000,2.8851
2002-09-06,16.449987,16.800008,16.120013,16.480007,118800,2.852218
2002-09-05,16.500003,17.040021,15.899996,15.950014,123500,2.760491
2002-09-04,16.650005,17.000027,16.530024,17.000027,27600,2.942218
2002-09-03,17.999972,17.999972,16.549971,16.559995,78300,2.866061
2002-08-30,18.049989,18.250008,17.740012,17.999972,74900,3.11528
2002-08-29,16.870022,18.239986,16.700023,18.049989,262100,3.123936
2002-08-28,17.999972,18.069986,16.740017,16.970006,281400,2.937022
2002-08-27,18.259982,18.299976,18.100007,18.100007,131600,3.132593
2002-08-26,17.879991,18.280029,17.76001,18.270006,76200,3.162015
2002-08-23,17.999972,18.060013,17.699968,17.800004,98600,3.080671
2002-08-22,17.950005,18.049989,17.499999,18.049989,94100,3.123936
2002-08-21,17.389991,17.810027,16.650005,17.489975,150800,3.027014
2002-08-20,17.089987,17.349998,16.610011,17.30003,351600,2.99414
2002-08-19,16.500003,17.000027,16.500003,17.000027,179100,2.942218
2002-08-16,16.979979,17.000027,15.800012,16.140009,85100,2.793374
2002-08-15,16.990003,17.100011,16.49003,16.74999,87900,2.898944
2002-08-14,16.299984,17.000027,15.699976,16.760014,202700,2.900679
2002-08-13,16.689999,17.100011,16.25999,16.25999,191700,2.814139
2002-08-12,16.100015,16.899992,16.100015,16.74999,39800,2.898944
2002-08-09,16.25999,17.000027,16.25999,16.970006,89100,2.937022
2002-08-08,16.599988,16.789984,16.030001,16.590015,118800,2.871257
2002-08-07,16.899992,16.899992,16.239994,16.599988,135000,2.872983
2002-08-06,16.549971,16.990003,16.500003,16.74999,79200,2.898944
2002-08-05,16.25999,16.49003,16.249967,16.49003,29300,2.853952
2002-08-02,16.899992,17.100011,16.40002,16.590015,73100,2.871257
2002-08-01,16.899992,16.919989,16.049999,16.740017,71700,2.897218
2002-07-31,17.199996,17.199996,16.709996,16.840002,41900,2.914522
2002-07-30,17.780006,17.780006,17.049993,17.400015,107600,3.011445
2002-07-29,17.980026,17.989999,17.100011,17.749986,137000,3.072015
2002-07-26,15.749994,17.989999,15.749994,17.989999,70200,3.113554
2002-07-25,17.140005,17.140005,15.399973,16.290012,173400,2.819335
2002-07-24,15.409997,17.029997,15.409997,16.849974,201800,2.916248
2002-07-23,15.999981,16.570018,15.990007,16.420016,221600,2.841835
2002-07-22,15.299988,16.449987,15.200004,16.449987,257400,2.847022
2002-07-19,15.85003,16.030001,15.200004,15.579995,206700,2.696451
2002-07-18,16.379972,16.599988,15.699976,15.699976,137900,2.717217
2002-07-17,16.290012,16.389996,15.510032,16.270014,145100,2.815874
2002-07-16,17.059967,17.059967,15.619989,16.849974,238200,2.916248
2002-07-15,17.100011,17.499999,16.520001,17.279984,210800,2.990671
2002-07-12,17.489975,17.680022,17.040021,17.510023,181500,3.030484
2002-07-11,17.27001,17.689995,16.190027,17.499999,201800,3.028749
2002-07-10,18.199992,18.199992,17.680022,17.729988,159300,3.068554
2002-07-09,17.959979,18.36999,17.950005,18.16997,158100,3.144702
2002-07-08,18.339969,18.499995,17.510023,18.290002,354600,3.165476
2002-07-05,18.389987,18.389987,17.959979,18.339969,35300,3.174124
2002-07-03,16.249967,18.339969,16.249967,18.069986,354300,3.127397
2002-07-02,17.899987,18.700014,17.400015,18.68999,303800,3.234702
2002-07-01,18.40001,18.599979,17.85002,18.199992,316800,3.149898
2002-06-28,19.390034,19.550009,17.749986,18.769978,2785700,3.248546
2002-06-27,19.170017,19.199986,18.519991,19.000018,299000,3.288359
2002-06-26,19.009991,19.199986,18.100007,18.979971,245000,3.28489
2002-06-25,18.349993,19.21001,18.250008,19.009991,288900,3.290085
2002-06-24,21.38,21.38,18.120004,18.799998,265200,3.253742
2002-06-21,20.370031,21.369977,20.200033,20.459993,81900,3.541039
2002-06-20,20.000013,20.609993,19.629996,20.329987,77900,3.518539
2002-06-19,20.200033,20.329987,19.649992,19.850012,155900,3.435469
2002-06-18,19.969993,20.450018,19.329992,20.060005,279500,3.471813
2002-06-17,19.600025,19.839988,19.499991,19.550009,113600,3.383547
2002-06-14,19.14997,19.70001,19.000018,19.219984,225600,3.326429
2002-06-13,19.000018,20.089974,19.000018,19.390034,115400,3.35586
2002-06-12,19.550009,19.550009,18.409983,18.899983,151800,3.271046
2002-06-11,20.009987,20.510011,19.749977,20.029984,111600,3.466617
2002-06-10,20.470016,20.700006,19.600025,19.779998,119700,3.423351
2002-06-07,18.960024,20.200033,18.049989,20.000013,130500,3.46143
2002-06-06,18.700014,18.879986,18.199992,18.879986,148700,3.267585
2002-06-05,18.649997,18.83002,18.020019,18.550013,35300,3.210476
2002-06-04,27.999978,28.060045,25.989989,27.890021,257100,3.217976
2002-06-03,29.170024,30.170045,27.100044,27.730021,361400,3.199515
2002-05-31,30.779974,30.779974,29.429958,29.680019,145800,3.424508
2002-05-30,31.799969,32.049954,28.999999,29.360019,443700,3.387586
2002-05-29,30.10003,31.950019,30.10003,31.850011,111300,3.674884
2002-05-28,30.499993,31.600025,29.590034,31.099975,191300,3.588344
2002-05-24,30.00002,30.00002,29.349996,29.879963,39300,3.447578
2002-05-23,29.90001,29.90001,28.999999,29.340047,280800,3.385282
2002-05-22,29.330024,29.90001,29.330024,29.610006,117500,3.41643
2002-05-21,30.10003,31.000043,29.260009,29.64,147800,3.41989
2002-05-20,31.999988,31.999988,30.109979,30.300049,94500,3.496048
2002-05-17,31.920026,32.049954,31.400006,31.400006,162200,3.622962
2002-05-16,30.960024,31.669961,30.64997,31.619995,131000,3.648344
2002-05-15,31.299994,31.359987,30.510016,30.64997,146000,3.536422
2002-05-14,29.340047,31.299994,29.340047,31.16999,115400,3.596422
2002-05-13,28.970005,29.550015,28.970005,29.290005,104600,3.379508
2002-05-10,28.899989,29.290005,28.899989,29.049967,18500,3.351812
2002-05-09,29.32,29.729987,28.79998,29.349996,237200,3.38643
2002-05-08,30.199964,30.960024,29.309977,29.450006,176400,3.397969
2002-05-07,29.819972,30.670016,29.819972,30.62005,99200,3.53297
2002-05-06,32.049954,32.049954,29.800001,29.800001,307100,3.438351
2002-05-03,31.02996,32.79999,31.000043,32.049954,152100,3.697953
2002-05-02,31.640044,32.300016,31.130047,32.249974,103500,3.721032
2002-05-01,31.459995,31.459995,30.199964,31.34996,87000,3.617187
2002-04-30,29.910035,31.489991,29.910035,31.489991,226800,3.633344
2002-04-29,30.00002,30.10003,28.750014,29.910035,188300,3.451047
2002-04-26,33.000009,33.000009,28.720017,30.00002,434700,3.46143
2002-04-25,31.340013,33.179979,31.259975,32.309962,258000,3.727953
2002-04-24,30.490046,32.479989,29.800001,32.179958,228200,3.712953
2002-04-23,28.500026,30.449951,28.500026,30.350017,235100,3.501813
2002-04-22,28.479979,30.00002,27.999978,30.00002,240300,3.46143
2002-04-19,28.940008,29.450006,27.899968,28.620008,375500,3.302203
2002-04-18,27.41002,27.999978,27.25002,27.999978,534600,3.230663
2002-04-17,28.289984,28.449984,27.519979,27.519979,596700,3.17528
2002-04-16,27.239997,28.279959,27.060025,27.749993,623000,3.20182
2002-04-15,25.650017,27.25002,25.650017,26.900025,358700,3.10375
2002-04-12,25.110025,25.900004,25.050034,25.750026,151800,2.971062
2002-04-11,26.540005,26.540005,25.360012,25.409978,135600,2.931827
2002-04-10,25.810017,26.350009,25.799994,26.350009,282800,3.040288
2002-04-09,26.549952,26.549952,25.810017,26.000013,147200,2.999905
2002-04-08,26.590047,26.590047,25.909951,26.549952,56000,3.063358
2002-04-05,26.599996,26.599996,26.000013,26.599996,147200,3.069132
2002-04-04,26.339986,26.390028,26.160014,26.160014,88400,3.018366
2002-04-03,26.57,26.590047,26.000013,26.299967,290400,3.034514
2002-04-02,26.499986,26.749971,26.100023,26.57,167400,3.065671
2002-04-01,27.299988,27.299988,26.249999,26.749971,340200,3.086436
2002-03-28,26.999959,27.399997,25.699984,27.09002,107600,3.125671
2002-03-27,27.25002,27.990031,25.750026,26.000013,359700,2.999905
2002-03-26,26.979987,27.749993,26.900025,27.109991,760700,3.127976
2002-03-25,26.000013,27.25002,26.000013,26.979987,302600,3.112976
2002-03-22,25.539984,26.249999,24.999992,26.249999,127500,3.028749
2002-03-21,24.699963,25.200012,24.699963,25.200012,118400,2.907601
2002-03-20,24.690015,24.699963,24.350042,24.699963,121700,2.849904
2002-03-19,24.850015,24.850015,24.350042,24.699963,159900,2.849904
2002-03-18,24.679992,24.699963,24.449976,24.449976,147800,2.821061
2002-03-15,24.999992,25.070006,24.649995,24.699963,273600,2.849904
2002-03-14,24.609976,25.12005,24.609976,24.950025,50000,2.878757
2002-03-13,25.979966,25.979966,24.800049,24.999992,188300,2.884522
2002-03-12,25.249978,26.000013,25.249978,25.710007,320900,2.966444
2002-03-11,25.430026,25.799994,25.390007,25.789969,174300,2.97567
2002-03-08,25.200012,25.339965,25.070006,25.269949,311900,2.91567
2002-03-07,25.279974,25.300021,24.999992,24.999992,133700,2.884522
2002-03-06,25.189987,25.300021,24.869986,25.249978,235100,2.913366
2002-03-05,23.999971,25.200012,23.999971,25.200012,434300,2.907601
2002-03-04,23.999971,24.389985,23.87999,24.199991,417300,2.792217
2002-03-01,24.50002,24.50002,23.499999,24.090032,410400,2.77953
2002-02-28,23.440008,24.880011,23.000026,24.249957,780900,2.797982
2002-02-27,22.000005,23.200046,22.000005,23.000026,303900,2.653764
2002-02-26,20.570027,22.35,20.570027,21.799986,290400,2.515302
2002-02-25,20.299992,20.739974,20.299992,20.729951,212900,2.391841
2002-02-22,20.099972,20.450045,20.099972,20.450045,677700,2.359545
2002-02-21,20.60997,20.60997,20.02001,20.219954,582000,2.332997
2002-02-20,19.990016,20.649989,19.990016,20.60997,87000,2.377997
2002-02-19,20.139992,20.139992,19.800019,19.800019,103500,2.284544
2002-02-15,20.299992,20.299992,19.60,20.050007,62100,2.313388
2002-02-14,21.280041,21.280041,19.800019,20.250026,235100,2.336467
2002-02-13,21.689953,22.000005,20.90005,20.90005,121500,2.411467
2002-02-12,22.499978,22.499978,20.90005,20.90005,294500,2.411467
2002-02-11,21.989982,22.45001,21.799986,22.269964,695900,2.569529
2002-02-08,21.049952,21.980033,21.049952,21.899995,185600,2.526842
2002-02-07,21.099994,22.000005,20.799964,21.249971,511700,2.451841
2002-02-06,20.250026,21.219975,19.949997,20.999984,663500,2.422997
2002-02-05,19.510015,19.890006,19.49999,19.749977,201800,2.278771
2002-02-04,19.870035,19.890006,19.49999,19.49999,42500,2.249927
2002-02-01,19.70001,19.890006,19.70001,19.749977,33300,2.278771
2002-01-31,20.000039,20.000039,19.49999,19.689987,60800,2.271849
2002-01-30,19.789996,19.789996,19.49999,19.70001,38400,2.273005
2002-01-29,20.02001,20.050007,19.450024,19.450024,73100,2.244162
2002-01-28,20.139992,20.139992,20.009987,20.080001,39800,2.316849
2002-01-25,20.000039,20.139992,20.000039,20.080001,105300,2.316849
2002-01-24,19.849987,20.039982,19.350015,19.749977,56700,2.278771
2002-01-23,19.749977,20.34996,19.749977,20.009987,143100,2.308771
2002-01-22,20.700031,20.700031,20.000039,20.000039,85100,2.307623
2002-01-18,20.500011,20.500011,20.000039,20.000039,13500,2.307623
2002-01-17,20.190035,20.799964,19.70001,20.799964,142700,2.399919
2002-01-16,20.250026,20.250026,19.749977,19.800019,77900,2.284544
2002-01-15,19.49999,20.299992,19.250005,20.000039,46800,2.307623
2002-01-14,20.799964,20.799964,19.70001,19.800019,126500,2.284544
2002-01-11,21.049952,21.049952,20.90005,20.999984,57600,2.422997
2002-01-10,20.770046,21.049952,20.770046,20.999984,313200,2.422997
2002-01-09,21.049952,21.049952,20.700031,20.799964,27200,2.399919
2002-01-08,20.600021,21.049952,20.600021,20.999984,152100,2.422997
2002-01-07,20.760021,21.049952,20.749998,20.989961,71100,2.421841
2002-01-04,20.809989,21.049952,20.549979,20.999984,176400,2.422997
2002-01-03,21.899995,22.000005,20.150016,20.459992,1020600,2.360693
2002-01-02,24.199991,24.199991,21.899995,22.000005,1181900,2.538381
2001-12-31,23.499999,26.350009,23.010049,24.470024,617000,2.823374
2001-12-28,22.629982,23.450031,21.75002,23.450031,183600,2.705686
2001-12-27,21.799986,22.699997,21.799986,22.079967,159300,2.547607
2001-12-26,21.600042,21.699976,21.259994,21.400023,28500,2.469154
2001-12-24,21.249971,21.600042,21.249971,21.600042,5000,2.492233
2001-12-21,21.49001,21.699976,21.200003,21.699976,42500,2.503763
2001-12-20,21.049952,21.319985,20.799964,21.270019,110700,2.454154
2001-12-19,20.850008,20.999984,20.560002,20.999984,253400,2.422997
2001-12-18,20.38003,20.880003,20.38003,20.880003,176100,2.409154
2001-12-17,20.619993,20.619993,20.210007,20.34996,113600,2.347997
2001-12-14,20.859955,20.950018,20.450045,20.500011,204800,2.36531
2001-12-13,20.950018,20.950018,20.549979,20.90005,99200,2.411467
2001-12-12,21.02998,21.02998,20.649989,20.700031,101400,2.388389
2001-12-11,20.500011,20.90005,20.34996,20.690008,72900,2.387232
2001-12-10,20.050007,20.799964,20.000039,20.700031,99200,2.388389
2001-12-07,20.549979,20.549979,20.050007,20.150016,81900,2.324927
2001-12-06,19.969968,20.749998,19.969968,20.500011,51500,2.36531
2001-12-05,20.799964,20.799964,20.000039,20.299992,23100,2.342232
2001-12-04,20.749998,20.749998,20.250026,20.450045,35300,2.359545
2001-12-03,20.440021,21.479985,20.429998,20.749998,13500,2.394154
2001-11-30,21.499956,21.959986,20.92997,21.099994,153200,2.434537
2001-11-29,20.770046,21.44999,20.709979,21.249971,94500,2.451841
2001-11-28,22.000005,22.000005,20.500011,21.049952,166100,2.428763
2001-11-27,20.40995,21.75002,20.320039,21.739995,121700,2.508381
2001-11-26,21.600042,21.600042,20.210007,20.450045,287600,2.359545
2001-11-23,20.850008,21.899995,20.500011,20.999984,100100,2.422997
2001-11-21,21.18998,21.18998,19.849987,20.850008,178200,2.405693
2001-11-20,21.499956,21.499956,19.849987,20.549979,81900,2.371075
2001-11-19,20.060029,21.340032,20.050007,21.200003,158100,2.446076
2001-11-16,19.540009,20.500011,19.39998,20.000039,107600,2.307623
2001-11-15,19.60,19.899953,19.60,19.649968,64100,2.267231
2001-11-14,19.990016,20.029959,18.530041,19.979991,77100,2.30531
2001-11-13,18.900008,20.000039,18.900008,20.000039,81000,2.307623
2001-11-12,17.899987,19.000018,17.259985,18.829994,97400,2.172622
2001-11-09,18.200016,18.249984,17.899987,18.249984,20300,2.1057
2001-11-08,17.999997,18.450003,17.850021,18.15005,25700,2.094169
2001-11-07,17.050019,18.980046,17.050019,18.599979,229700,2.146083
2001-11-06,17.639977,17.639977,16.950009,17.11001,45900,1.974169
2001-11-05,16.990029,17.250039,16.959956,17.250039,85200,1.990325
2001-11-02,17.300005,17.349972,16.999975,16.999975,21600,1.961473
2001-11-01,17.250039,17.250039,17.190048,17.199995,13500,1.984551
2001-10-31,16.64998,17.400014,16.64998,16.899966,37800,1.949934
2001-10-30,16.999975,16.999975,16.610037,16.999975,92400,1.961473
2001-10-29,16.920013,17.700043,16.550047,16.74999,126500,1.932629
2001-10-26,16.600013,17.099985,15.999956,16.999975,220700,1.961473
2001-10-25,16.500005,17.250039,16.009979,16.559995,340400,1.910707
2001-10-24,15.770016,16.48998,15.770016,16.009979,431600,1.847246
2001-10-23,16.500005,16.74999,15.060001,15.999956,519800,1.84609
2001-10-22,17.01,17.099985,16.100042,16.250017,358400,1.874942
2001-10-19,17.020023,17.279957,17.01,17.01,127500,1.962629
2001-10-18,17.250039,17.440033,16.959956,17.279957,247200,1.993777
2001-10-17,18.15005,18.249984,17.01,17.149953,467700,1.978777
2001-10-16,17.180023,17.760034,17.180023,17.250039,149100,1.990325
2001-10-15,18.290003,18.290003,17.069991,17.679996,86400,2.039934
2001-10-12,17.999997,17.999997,17.259985,17.359995,97400,2.003012
2001-10-11,19.300047,19.300047,16.74999,17.159976,415100,1.979934
2001-10-10,16.48998,17.500024,16.259966,17.099985,364700,1.973012
2001-10-09,17.250039,19.309995,16.250017,16.550047,496400,1.90956
2001-10-08,18.230012,18.239959,17.380043,17.380043,473900,2.005325
2001-10-05,19.429977,19.429977,17.950031,17.999997,122900,2.076856
2001-10-04,19.100027,20.000039,17.950031,17.950031,113600,2.071091
2001-10-03,19.70001,20.050007,17.999997,19.000018,44600,2.192239
2001-10-02,20.250026,20.500011,19.000018,20.000039,214700,2.307623
2001-10-01,19.000018,21.280041,17.500024,19.949997,92400,2.301849
2001-09-28,30.98995,30.98995,28.509874,29.299926,77900,2.253768
2001-09-27,30.639917,31.350007,29.259945,29.259945,455600,2.250693
2001-09-26,30.499926,30.629893,29.399936,30.629893,239900,2.35607
2001-09-25,29.749969,30.059907,27.819945,29.910007,213900,2.300696
2001-09-24,27.089922,29.249922,27.089922,28.899888,351200,2.222997
2001-09-21,26.999936,27.499983,26.859946,27.109969,495000,2.085315
2001-09-20,28.119974,28.499964,27.00996,27.00996,589500,2.077623
2001-09-19,28.289922,28.749988,27.499983,28.439936,687800,2.187617
2001-09-18,28.899888,28.999898,28.199936,28.249941,800100,2.173003
2001-09-17,29.259945,29.269969,20.600014,28.489941,949700,2.191464
2001-09-10,31.32996,31.389874,29.029969,30.249903,724200,2.326841
2001-09-07,30.899964,33.839993,30.899964,31.999955,629100,2.461456
2001-09-06,31.249998,31.599917,31.099869,31.209902,249000,2.400685
2001-09-05,30.709969,31.099869,30.709969,30.99986,287600,2.384528
2001-09-04,30.699945,30.74995,30.449922,30.719879,811400,2.362992
2001-08-31,30.459945,30.74995,30.399917,30.499926,239000,2.346073
2001-08-30,30.74995,30.74995,30.449922,30.499926,473900,2.346073
2001-08-29,30.99986,30.99986,30.419964,30.74995,399200,2.365305
2001-08-28,30.99986,30.99986,30.549931,30.649941,138600,2.357612
2001-08-27,30.99986,30.99986,30.499926,30.899964,586100,2.376844
2001-08-24,30.74995,30.99986,30.709969,30.949969,130500,2.380691
2001-08-23,30.799955,30.949969,30.399917,30.499926,745400,2.346073
2001-08-22,30.969903,31.209902,30.249903,30.449922,446900,2.342227
2001-08-21,30.839936,30.99986,30.100002,30.499926,497000,2.346073
2001-08-20,30.249903,30.249903,29.249922,30.109912,71100,2.316073
2001-08-17,29.999993,30.499926,29.719898,30.199898,88400,2.322995
2001-08-16,29.149912,30.399917,28.849998,29.949874,284400,2.303763
2001-08-15,29.779926,29.779926,28.509874,29.599955,237200,2.276847
2001-08-14,30.349912,30.449922,28.359974,28.999898,472100,2.23069
2001-08-13,30.079955,30.969903,28.499964,30.299907,1023500,2.330687
2001-08-10,30.009903,30.99986,30.009903,30.159917,330000,2.319919
2001-08-09,29.999993,30.479993,29.999993,30.399917,340200,2.33838
2001-08-08,30.259926,31.049979,29.999993,30.249903,495000,2.326841
2001-08-07,30.079955,30.99986,29.999993,30.979926,318800,2.382995
2001-08-06,30.249903,31.350007,29.899983,30.100002,286800,2.315311
2001-08-03,32.059869,32.349874,29.949874,30.399917,601700,2.33838
2001-08-02,30.149893,31.899945,29.949874,31.249998,512300,2.403769
2001-08-01,30.139869,30.249903,29.999993,30.149893,289800,2.319148
2001-07-31,29.999993,30.100002,29.799974,29.999993,335400,2.307618
2001-07-30,30.199898,30.459945,29.749969,29.899983,553100,2.299925
2001-07-27,29.979945,30.199898,29.55986,30.02995,355200,2.309922
2001-07-26,30.139869,30.249903,29.849865,30.100002,301100,2.315311
2001-07-25,29.999993,30.139869,29.749969,30.139869,472100,2.318377
2001-07-24,29.969922,29.999993,29.799974,29.899983,588200,2.299925
2001-07-23,29.949874,30.239879,29.499945,29.899983,1362200,2.299925
2001-07-20,28.999898,29.599955,28.939983,29.589931,644100,2.276076
2001-07-19,28.309969,29.249922,28.309969,28.999898,601400,2.23069
2001-07-18,28.049922,28.399955,28.009941,28.249941,164300,2.173003
2001-07-17,28.099926,28.249941,27.999917,28.199936,1075500,2.169156
2001-07-16,28.189912,28.34995,27.24996,27.800012,711000,2.138394
2001-07-13,27.539964,27.539964,26.599898,27.24996,469800,2.096084
2001-07-12,27.859926,28.199936,27.320012,28.119974,286800,2.163006
2001-07-11,27.24996,28.189912,26.849922,27.779964,426600,2.136852
2001-07-10,27.449865,27.769941,26.599898,26.599898,285500,2.04608
2001-07-09,26.499888,27.449865,26.399879,27.119993,512300,2.086086
2001-07-06,26.199974,26.489979,25.749931,26.399879,104600,2.030695
2001-07-05,25.499908,26.249979,25.400012,26.249979,100100,2.019164
2001-07-03,25.309912,25.789912,25.199993,25.749931,102200,1.9807
2001-07-02,25.599917,25.94995,24.999974,25.309912,681800,1.946854
2001-06-29,25.999955,26.249979,25.599917,25.94995,112200,1.996086
2001-06-28,26.550007,27.299964,25.400012,25.899946,295800,1.99224
2001-06-27,28.950007,28.950007,26.199974,26.550007,475800,2.042243
2001-06-26,25.219927,27.999917,25.099984,27.749893,1854900,2.134539
2001-06-25,24.499929,25.249887,24.489906,25.099984,198600,1.930706
2001-06-22,24.479882,24.479882,23.749972,24.39992,18200,1.876857
2001-06-21,24.189877,24.489906,23.19992,24.25002,54900,1.865326
2001-06-20,22.749876,24.199901,22.749876,23.989972,66800,1.845323
2001-06-19,23.899986,23.899986,22.499966,23.499948,150800,1.80763
2001-06-18,24.099891,24.099891,23.000015,23.149915,155300,1.780706
2001-06-15,24.749953,24.84996,23.999882,23.999882,96000,1.846086
2001-06-14,24.899965,24.949969,23.849982,24.499929,98600,1.88455
2001-06-13,24.099891,24.999974,23.999882,24.289887,213900,1.868393
2001-06-12,23.999882,24.479882,23.599958,23.899986,127500,1.838402
2001-06-11,23.249925,24.099891,23.100024,23.999882,176100,1.846086
2001-06-08,23.999882,24.099891,23.779929,23.779929,168300,1.829167
2001-06-07,23.999882,23.999882,23.000015,23.999882,200400,1.846086
2001-06-06,24.349915,24.349915,23.499948,23.499948,340200,1.80763
2001-06-05,24.749953,24.749953,23.499948,24.349915,435600,1.87301
2001-06-04,23.489925,24.25002,23.489925,24.050001,349200,1.849941
2001-06-01,22.499966,23.249925,22.499966,23.249925,182300,1.788398
2001-05-31,22.420004,22.909915,22.420004,22.449961,38400,1.726865
2001-05-30,23.149915,23.149915,22.369885,22.599976,159900,1.738404
2001-05-29,23.499948,23.499948,23.000015,23.349934,182300,1.796091
2001-05-25,23.19992,23.259948,22.64998,23.000015,167000,1.769175
2001-05-24,23.000015,23.249925,22.900005,22.900005,173400,1.761482
2001-05-23,22.349952,23.000015,22.16998,22.949896,246300,1.76532
2001-05-22,21.949914,22.149933,21.859928,22.149933,152100,1.703786
2001-05-21,21.219892,21.949914,21.219892,21.850018,154800,1.680717
2001-05-18,21.739985,21.750009,21.249961,21.750009,14100,1.673024
2001-05-17,21.750009,21.750009,21.249961,21.599881,132500,1.661476
2001-05-16,21.989895,21.989895,20.79992,21.489961,297900,1.653021
2001-05-15,21.249961,21.399976,21.099947,21.299966,103200,1.638406
2001-05-14,20.749915,21.299966,20.600014,20.79992,195800,1.599943
2001-05-11,20.999938,21.999919,20.600014,20.89993,100100,1.607635
2001-05-10,20.500004,21.499985,20.369925,20.600014,405900,1.584566
2001-05-09,19.389991,20.049963,19.250001,20.049963,567000,1.542255
2001-05-08,19.149991,19.399901,18.999977,19.299892,648900,1.484559
2001-05-07,19.099987,19.149991,19.099987,19.149991,131900,1.473029
2001-05-04,19.189972,19.199996,19.049982,19.149991,239000,1.473029
2001-05-03,19.009887,19.189972,18.999977,19.109896,130500,1.469945
2001-05-02,18.989953,19.070029,18.949972,18.999977,180500,1.46149
2001-05-01,18.49993,18.999977,18.200015,18.999977,109400,1.46149
2001-04-30,19.199996,19.199996,17.999996,18.999977,383000,1.46149
2001-04-27,18.799958,19.189972,18.749953,18.999977,109400,1.46149
2001-04-26,19.199996,19.199996,18.400034,18.400034,277700,1.415342
2001-04-25,19.11992,19.11992,18.999977,18.999977,537900,1.46149
2001-04-24,18.999977,19.149991,18.999977,18.999977,401000,1.46149
2001-04-23,18.609963,19.149991,18.609963,19.11992,243200,1.470716
2001-04-20,18.999977,19.049982,18.999977,18.999977,23100,1.46149
2001-04-19,18.49993,19.199996,17.999996,18.49993,277700,1.423026
2001-04-18,18.200015,19.199996,17.999996,18.49993,407300,1.423026
2001-04-17,18.100006,18.100006,17.499949,18.049887,36600,1.388408
2001-04-16,18.200015,18.200015,17.999996,18.049887,355200,1.388408
2001-04-12,18.49002,18.49002,18.200015,18.200015,18500,1.399956
2001-04-11,18.599939,18.999977,18.369963,18.369963,34700,1.413029
2001-04-10,18.73993,19.389991,18.400034,18.999977,206700,1.46149
2001-04-09,17.999996,18.549934,17.999996,17.999996,23100,1.384571
2001-04-06,17.249925,17.874927,17.031226,17.874927,79200,1.37495
2001-04-05,16.749992,17.374994,16.749992,17.249925,12200,1.326875
2001-04-04,17.749973,17.749973,16.749992,16.749992,45500,1.28842
2001-04-03,18.374975,18.374975,17.499949,17.999996,94100,1.384571
2001-04-02,19.374956,19.374956,18.374975,18.374975,29300,1.413414
2001-03-30,18.749953,19.374956,18.49993,19.374956,351200,1.490333
2001-03-29,18.49993,18.999977,18.49993,18.999977,30300,1.46149
2001-03-28,18.562463,18.562463,18.49993,18.49993,57600,1.423026
2001-03-27,18.562463,18.562463,18.562463,18.562463,14100,1.427836
2001-03-26,18.937442,19.187466,18.562463,18.562463,9500,1.427836
2001-03-23,19.250001,19.250001,19.250001,19.250001,5000,1.480722
2001-03-22,19.374956,19.374956,18.624885,18.624885,43800,1.432638
2001-03-21,19.562444,20.125027,19.250001,19.250001,23100,1.480722
2001-03-20,20.249982,20.249982,19.499911,19.562444,269300,1.504755
2001-03-19,19.124932,19.999958,19.124932,19.999958,109400,1.538409
2001-03-16,19.374956,19.374956,19.124932,19.124932,4200,1.471101
2001-03-15,19.124932,19.140651,19.124932,19.124932,33800,1.471101
2001-03-14,19.499911,19.499911,19.124932,19.124932,75800,1.471101
2001-03-13,19.250001,19.499911,19.124932,19.374956,24500,1.490333
2001-03-12,19.484305,19.499911,18.999977,18.999977,51900,1.46149
2001-03-09,18.999977,19.250001,18.999977,18.999977,6300,1.46149
2001-03-08,19.374956,19.499911,19.312421,19.312421,29300,1.485523
2001-03-07,18.999977,19.499911,18.999977,19.250001,9500,1.480722
2001-03-06,19.374956,19.499911,18.999977,18.999977,65700,1.46149
2001-03-05,19.062511,19.374956,18.999977,19.374956,22500,1.490333
2001-03-02,19.062511,19.43749,18.999977,19.312421,109500,1.485523
2001-03-01,18.937442,19.999958,18.812487,19.187466,220700,1.475912
2001-02-28,19.749934,20.687494,19.749934,20.62496,155300,1.586485
2001-02-27,20.374937,20.749915,19.749934,19.749934,118400,1.519177
2001-02-26,20.749915,20.749915,19.999958,20.500004,68900,1.576873
2001-02-23,20.421866,20.500004,19.749934,19.999958,68900,1.538409
2001-02-22,19.999958,20.125027,19.999958,20.125027,24500,1.548029
2001-02-21,20.749915,20.749915,19.999958,19.999958,40700,1.538409
2001-02-20,20.500004,20.999938,19.999958,20.500004,145800,1.576873
2001-02-16,21.62494,21.62494,21.62494,21.62494,20300,1.663404
2001-02-15,21.312383,21.687475,21.312383,21.499985,131900,1.653792
2001-02-14,21.312383,21.499985,21.312383,21.312383,45500,1.639362
2001-02-13,21.187428,21.249961,20.999938,21.124894,32400,1.62494
2001-02-12,20.937404,21.187428,20.749915,20.874983,11000,1.605716
2001-02-09,20.562425,21.187428,20.249982,20.999938,81900,1.615328
2001-02-08,20.687494,20.749915,19.749934,20.500004,239000,1.576873
2001-02-07,20.468681,21.999919,20.43747,21.437451,171500,1.648982
2001-02-06,21.874964,21.999919,21.874964,21.999919,12200,1.692247
2001-02-05,22.874945,22.93748,20.62496,21.874964,52800,1.682636
2001-02-02,24.187485,24.499929,23.000015,23.249925,12200,1.788398
2001-02-01,23.999882,24.25002,23.499948,23.499948,60900,1.80763
2001-01-31,23.999882,26.749912,22.124988,23.000015,542700,1.769175
2001-01-30,23.624902,23.999882,23.624902,23.874926,31700,1.836474
2001-01-29,24.234298,24.234298,23.499948,23.749972,18500,1.826862
2001-01-26,22.624921,23.999882,22.124988,22.124988,164300,1.701868
2001-01-25,24.374973,25.374954,23.749972,24.874907,314700,1.913393
2001-01-24,23.374992,24.499929,23.374992,24.499929,91100,1.88455
2001-01-23,21.999919,23.374992,21.874964,23.374992,138600,1.798019
2001-01-22,21.015544,23.499948,21.015544,22.624921,106700,1.740323
2001-01-19,21.374916,22.249942,21.374916,22.249942,232800,1.711479
2001-01-18,21.999919,21.999919,21.374916,21.437451,96000,1.648982
2001-01-17,21.56252,21.937499,21.249961,21.437451,87000,1.648982
2001-01-16,20.999938,20.999938,20.999938,20.999938,7400,1.615328
2001-01-12,20.125027,20.687494,19.999958,20.187447,150800,1.552831
2001-01-11,19.999958,20.687494,19.999958,20.687494,344400,1.591295
2001-01-10,19.999958,20.249982,19.999958,19.999958,73100,1.538409
2001-01-09,19.515629,20.062492,19.515629,19.999958,66800,1.538409
2001-01-08,20.015563,20.500004,19.187466,19.499911,403800,1.499945
2001-01-05,19.999958,20.125027,18.875022,19.999958,161300,1.538409
2001-01-04,18.249906,20.999938,18.249906,19.499911,314700,1.499945
2001-01-03,17.999996,18.49993,17.625018,18.49993,182300,1.423026
2001-01-02,17.687437,17.999996,17.625018,17.812506,59600,1.370149
2000-12-29,17.625018,18.749953,17.625018,17.687437,132500,1.360529
2000-12-28,17.749973,17.749973,17.625018,17.625018,83900,1.355727
2000-12-27,17.874927,18.687532,17.874927,17.874927,73100,1.37495
2000-12-26,17.749973,17.781183,17.499949,17.625018,159300,1.355727
2000-12-22,17.999996,18.687532,17.312459,17.999996,98600,1.384571
2000-12-21,18.999977,18.999977,15.499987,18.124951,191700,1.394182
2000-12-20,21.874964,21.937499,17.874927,17.999996,125700,1.384571
2000-12-19,21.750009,21.937499,21.750009,21.874964,30300,1.682636
2000-12-18,21.499985,21.56252,21.499985,21.499985,68900,1.653792
2000-12-15,21.499985,21.62494,21.499985,21.62494,16400,1.663404
2000-12-14,21.499985,21.62494,21.499985,21.499985,27600,1.653792
2000-12-13,21.56252,21.62494,21.499985,21.62494,20300,1.663404
2000-12-12,21.531196,22.249942,21.499985,21.499985,444800,1.653792
2000-12-11,22.374897,22.374897,21.499985,21.499985,83900,1.653792
2000-12-08,22.374897,22.499966,22.374897,22.374897,9000,1.721091
2000-12-07,22.499966,22.499966,22.374897,22.437432,16400,1.725901
2000-12-06,22.499966,22.812524,22.374897,22.374897,15500,1.721091
2000-12-05,22.499966,23.000015,22.499966,22.749876,18500,1.749934
2000-12-04,22.515572,23.374992,22.499966,22.499966,38400,1.730711
2000-12-01,22.374897,23.937461,22.374897,23.499948,65700,1.80763
2000-11-30,22.499966,22.499966,21.499985,21.499985,168900,1.653792
2000-11-29,22.249942,23.062433,22.124988,22.124988,75800,1.701868
2000-11-28,22.124988,22.124988,22.124988,22.124988,000,1.701868
2000-11-27,22.499966,22.624921,21.999919,22.124988,91400,1.701868
2000-11-24,22.624921,22.624921,22.624921,22.624921,6300,1.740323
2000-11-22,23.499948,23.499948,22.562387,22.562387,2900,1.735513
2000-11-21,23.000015,23.749972,22.499966,23.499948,62100,1.80763
2000-11-20,23.000015,23.249925,23.000015,23.249925,88400,1.788398
2000-11-17,23.124968,23.374992,23.000015,23.000015,27200,1.769175
2000-11-16,23.000015,23.000015,23.000015,23.000015,4200,1.769175
2000-11-15,23.000015,23.874926,23.000015,23.249925,75800,1.788398
2000-11-14,23.187504,23.749972,23.000015,23.000015,88400,1.769175
2000-11-13,23.531272,23.687437,23.000015,23.312457,40700,1.793208
2000-11-10,23.000015,23.687437,23.000015,23.687437,6300,1.822052
2000-11-09,23.000015,23.687437,23.000015,23.249925,11000,1.788398
2000-11-08,23.249925,23.249925,23.000015,23.000015,24500,1.769175
2000-11-07,23.249925,23.437413,23.000015,23.000015,52800,1.769175
2000-11-06,22.687456,23.999882,22.687456,23.374992,252500,1.798019
2000-11-03,23.374992,23.374992,22.249942,22.624921,143100,1.740323
2000-11-02,21.499985,24.25002,21.499985,23.499948,430200,1.80763
2000-11-01,22.062454,22.124988,21.937499,22.062454,122900,1.697057
2000-10-31,20.265586,21.56252,20.265586,21.124894,211500,1.62494
2000-10-30,21.140613,21.249961,19.62498,20.125027,987000,1.548029
2000-10-27,21.671869,21.750009,21.62494,21.750009,40700,1.673024
2000-10-26,22.437432,22.437432,21.124894,21.62494,91100,1.663404
2000-10-25,22.687456,22.687456,21.312383,21.999919,156800,1.692247
2000-10-24,22.499966,22.749876,22.499966,22.499966,68100,1.730711
2000-10-23,24.25002,24.25002,22.499966,22.562387,232200,1.735513
2000-10-20,22.515572,24.124949,22.499966,23.999882,299000,1.846086
2000-10-19,22.812524,22.812524,22.312478,22.812524,71100,1.754753
2000-10-18,22.890549,23.000015,22.812524,22.812524,82400,1.754753
2000-10-17,23.000015,23.124968,22.812524,22.874945,79200,1.759555
2000-10-16,23.062433,23.124968,22.874945,22.874945,401000,1.759555
2000-10-13,22.874945,23.000015,22.874945,23.000015,66800,1.769175
2000-10-12,23.000015,23.062433,22.874945,22.874945,88400,1.759555
2000-10-11,23.000015,23.124968,23.000015,23.000015,33800,1.769175
2000-10-10,23.187504,23.249925,23.000015,23.062433,85100,1.773977
2000-10-09,23.000015,23.687437,23.000015,23.499948,218900,1.80763
2000-10-06,23.015506,23.437413,22.874945,23.000015,202500,1.769175
2000-10-05,23.812391,23.812391,23.000015,23.062433,221600,1.773977
2000-10-04,23.624902,23.749972,23.499948,23.749972,13500,1.826862
2000-10-03,24.124949,24.124949,23.749972,23.749972,314700,1.826862
2000-10-02,25.562443,25.562443,23.749972,23.749972,121500,1.826862
2000-09-29,24.999974,24.999974,23.765577,23.999882,85100,1.846086
2000-09-28,24.25002,25.749931,24.25002,24.999974,98600,1.923013
2000-09-27,24.374973,25.499908,24.25002,24.25002,34700,1.865326
2000-09-26,23.000015,24.499929,23.000015,24.25002,216000,1.865326
2000-09-25,22.968689,23.249925,22.749876,22.874945,320900,1.759555
2000-09-22,22.93748,23.000015,22.874945,22.93748,54900,1.764365
2000-09-21,23.624902,23.624902,22.874945,22.93748,127800,1.764365
2000-09-20,23.812391,23.999882,23.624902,23.999882,39300,1.846086
2000-09-19,23.749972,23.999882,23.624902,23.624902,91400,1.817242
2000-09-18,22.437432,23.624902,22.437432,22.749876,111300,1.749934
2000-09-15,22.562387,22.687456,22.499966,22.624921,43800,1.740323
2000-09-14,22.624921,22.624921,22.437432,22.499966,124800,1.730711
2000-09-13,22.437432,22.874945,22.124988,22.812524,106700,1.754753
2000-09-12,22.124988,22.499966,22.124988,22.124988,178200,1.701868
2000-09-11,22.874945,23.124968,22.124988,22.374897,54900,1.721091
2000-09-08,22.499966,22.93748,21.874964,22.812524,230900,1.754753
2000-09-07,22.906157,23.124968,22.874945,22.874945,100500,1.759555
2000-09-06,23.406201,23.562481,23.000015,23.000015,129600,1.769175
2000-09-05,24.874907,24.874907,23.124968,23.562481,275400,1.81244
2000-09-01,24.499929,24.812486,24.499929,24.812486,24500,1.908592
2000-08-31,24.062414,25.12493,23.999882,24.499929,93200,1.88455
2000-08-30,24.781162,24.781162,24.124949,24.25002,122900,1.865326
2000-08-29,25.062395,25.062395,24.437508,24.874907,73100,1.913393
2000-08-28,24.374973,25.937423,24.374973,24.999974,167000,1.923013
2000-08-25,25.12493,25.12493,24.624997,24.624997,141800,1.89417
2000-08-24,25.062395,25.249887,24.999974,24.999974,85100,1.923013
2000-08-23,25.406163,25.499908,25.249887,25.249887,150800,1.942237
2000-08-22,24.999974,25.12493,24.999974,25.12493,20300,1.932625
2000-08-21,25.062395,25.499908,24.999974,24.999974,50600,1.923013
2000-08-18,25.499908,25.999955,25.249887,25.999955,77100,1.999932
2000-08-17,26.187446,26.187446,25.249887,25.249887,91400,1.942237
2000-08-16,25.687513,26.249979,25.249887,25.249887,273300,1.942237
2000-08-15,25.624978,25.999955,25.499908,25.999955,27200,1.999932
2000-08-14,25.999955,26.187446,25.499908,25.999955,77100,1.999932
2000-08-11,25.249887,26.124911,25.12493,25.687513,38400,1.975899
2000-08-10,25.999955,26.124911,24.999974,26.124911,25700,2.009544
2000-08-09,25.562443,25.999955,25.187465,25.999955,85100,1.999932
2000-08-08,26.3124,26.3124,24.999974,25.249887,89300,1.942237
2000-08-07,25.062395,25.12493,24.999974,24.999974,11000,1.923013
2000-08-04,24.999974,25.12493,24.999974,25.12493,34700,1.932625
2000-08-03,25.499908,26.249979,23.937461,25.499908,125700,1.961469
2000-08-02,24.499929,25.437375,23.937461,24.812486,106700,1.908592
2000-08-01,23.906249,23.999882,23.906249,23.937461,100500,1.841284
2000-07-31,24.499929,24.499929,23.843716,23.874926,72900,1.836474
2000-07-28,24.374973,24.374973,23.874926,23.874926,23100,1.836474
2000-07-27,24.374973,24.499929,24.25002,24.25002,20300,1.865326
2000-07-26,26.124911,26.124911,24.312438,24.312438,59000,1.870128
2000-07-25,24.187485,26.124911,23.749972,24.999974,260100,1.923013
2000-07-24,23.749972,24.499929,23.749972,23.749972,66800,1.826862
2000-07-21,25.687513,25.687513,23.874926,24.25002,180500,1.865326
2000-07-20,24.718627,26.249979,24.499929,25.562443,241800,1.966279
2000-07-19,24.187485,24.999974,23.999882,24.624997,150000,1.89417
2000-07-18,23.874926,24.25002,23.749972,24.25002,137000,1.865326
2000-07-17,23.499948,23.937461,23.499948,23.874926,213900,1.836474
2000-07-14,24.687418,24.999974,23.499948,23.499948,153200,1.80763
2000-07-13,23.249925,23.937461,23.249925,23.499948,357300,1.80763
2000-07-12,23.249925,23.499948,23.249925,23.249925,229700,1.788398
2000-07-11,23.906249,23.999882,23.499948,23.499948,341600,1.80763
2000-07-10,24.062414,24.25002,23.874926,23.874926,226100,1.836474
2000-07-07,23.999882,24.25002,23.999882,23.999882,166100,1.846086
2000-07-06,24.624997,24.624997,23.999882,24.124949,139700,1.855706
2000-07-05,24.312438,24.468717,23.999882,23.999882,83900,1.846086
2000-07-03,24.374973,24.374973,24.25002,24.25002,6300,1.865326
2000-06-30,24.25002,24.499929,24.25002,24.499929,73100,1.88455
2000-06-29,24.999974,25.249887,24.874907,24.937442,66800,1.918203
2000-06-28,25.031186,25.437375,24.812486,24.874907,88400,1.913393
2000-06-27,23.999882,25.562443,23.937461,24.999974,146000,1.923013
2000-06-26,23.999882,24.499929,23.749972,23.999882,305100,1.846086
2000-06-23,25.687513,25.875002,23.499948,24.187485,419100,1.860516
2000-06-22,26.874868,26.874868,25.875002,25.875002,702000,1.990321
2000-06-21,26.937518,26.937518,26.499888,26.749912,373500,2.05762
2000-06-20,27.218637,27.874963,26.812447,26.999936,829500,2.076852
2000-06-19,27.24996,27.812428,26.999936,27.312495,324000,2.100894
2000-06-16,26.937518,26.999936,26.812447,26.812447,45900,2.06243
2000-06-15,26.937518,27.499983,26.06249,26.624959,123500,2.048008
2000-06-14,25.749931,26.749912,25.749931,26.749912,191300,2.05762
2000-06-13,25.749931,26.249979,25.499908,25.624978,83900,1.971089
2000-06-12,26.624959,26.999936,25.999955,26.249979,225000,2.019164
2000-06-09,24.062414,26.499888,23.374992,26.249979,450900,2.019164
2000-06-08,23.624902,24.374973,23.437413,23.874926,74900,1.836474
2000-06-07,23.937461,24.937442,23.374992,23.687437,522500,1.822052
2000-06-06,25.249887,25.249887,23.999882,24.999974,184200,1.923013
2000-06-05,24.999974,25.12493,21.81243,24.874907,742500,1.913393
2000-06-02,25.999955,27.125006,22.624921,24.124949,968900,1.855706
2000-06-01,24.937442,26.999936,24.874907,25.812466,1215000,1.985511
2000-05-31,22.749876,24.874907,22.718667,24.374973,1064400,1.874938
2000-05-30,22.499966,22.749876,21.499985,22.749876,191300,1.749934
2000-05-26,21.750009,22.624921,21.62494,21.999919,122900,1.692247
2000-05-25,22.062454,22.124988,21.62494,22.124988,148700,1.701868
2000-05-24,20.937404,22.187409,20.937404,21.62494,216000,1.663404
2000-05-23,21.249961,21.499985,20.749915,21.124894,216900,1.62494
2000-05-22,21.374916,21.374916,20.312516,20.999938,68900,1.615328
2000-05-19,21.62494,21.62494,21.374916,21.374916,48600,1.644172
2000-05-18,21.968709,22.062454,21.499985,21.687475,47400,1.668214
2000-05-17,21.437451,21.874964,21.437451,21.56252,13500,1.658602
2000-05-16,21.687475,22.249942,21.062473,21.062473,173400,1.620138
2000-05-15,19.812468,21.499985,19.812468,21.499985,132500,1.653792
2000-05-12,20.374937,21.234357,19.749934,19.749934,751500,1.519177
2000-05-11,20.312516,20.999938,20.312516,20.374937,772800,1.567253
2000-05-10,20.999938,21.374916,20.249982,20.43747,251100,1.572063
2000-05-09,20.968729,21.374916,20.874983,20.999938,121500,1.615328
2000-05-08,20.812449,21.062473,20.312516,21.062473,234200,1.620138
2000-05-05,20.43747,20.999938,20.43747,20.687494,282800,1.591295
2000-05-04,20.43747,20.812449,20.249982,20.374937,239000,1.567253
2000-05-03,20.749915,20.937404,20.312516,20.43747,286800,1.572063
2000-05-02,21.874964,21.874964,19.999958,20.62496,414500,1.586485
2000-05-01,21.56252,21.999919,21.499985,21.687475,452900,1.668214
2000-04-28,19.749934,20.999938,19.749934,20.999938,125700,1.615328
2000-04-27,19.812468,20.249982,19.749934,19.812468,185100,1.523987
2000-04-26,20.999938,21.124894,19.999958,20.546821,378000,1.580474
2000-04-25,20.999938,20.999938,20.500004,20.874983,107600,1.605716
2000-04-24,20.937404,21.499985,20.249982,20.999938,510500,1.615328
2000-04-20,20.374937,20.874983,20.062492,20.687494,453800,1.591295
2000-04-19,20.874983,21.062473,19.874889,20.249982,522500,1.557641
2000-04-18,19.999958,20.43747,19.999958,20.312516,699900,1.562451
2000-04-17,19.499911,19.874889,19.250001,19.749934,164000,1.519177
2000-04-14,20.937404,20.937404,19.499911,19.499911,334400,1.499945
2000-04-13,19.62498,20.749915,19.499911,20.374937,519300,1.567253
2000-04-12,19.62498,19.62498,19.374956,19.374956,91100,1.490333
2000-04-11,19.499911,19.937423,19.499911,19.562444,332300,1.504755
2000-04-10,19.812468,19.937423,19.43749,19.499911,191300,1.499945
2000-04-07,17.937461,19.874889,17.937461,19.499911,544100,1.499945
2000-04-06,17.249925,17.999996,17.249925,17.999996,45900,1.384571
2000-04-05,17.374994,17.374994,17.249925,17.249925,47400,1.326875
2000-04-04,17.562483,17.749973,17.374994,17.749973,146000,1.365339
2000-04-03,17.749973,17.749973,17.499949,17.499949,24500,1.346107
2000-03-31,17.499949,17.749973,17.499949,17.562483,127800,1.350917
2000-03-30,17.249925,17.749973,17.249925,17.749973,36600,1.365339
2000-03-29,17.499949,17.749973,17.249925,17.249925,33800,1.326875
2000-03-28,17.249925,17.749973,17.12497,17.749973,63600,1.365339
2000-03-27,17.749973,17.749973,17.374994,17.625018,159300,1.355727
2000-03-24,17.437528,17.749973,17.437528,17.749973,79200,1.365339
2000-03-23,17.499949,17.562483,17.374994,17.562483,360500,1.350917
2000-03-22,17.999996,17.999996,17.312459,17.45302,38400,1.342497
2000-03-21,17.874927,18.249906,17.625018,17.749973,121500,1.365339
2000-03-20,17.999996,18.124951,17.718648,17.999996,1549400,1.384571
2000-03-17,17.999996,18.124951,17.625018,17.625018,823100,1.355727
2000-03-16,17.562483,18.124951,17.562483,17.999996,129600,1.384571
2000-03-15,18.249906,18.249906,17.499949,17.562483,522500,1.350917
2000-03-14,17.999996,18.249906,17.999996,18.062416,50600,1.389372
2000-03-13,18.374975,18.374975,17.749973,18.062416,103200,1.389372
2000-03-10,17.999996,18.624885,17.874927,18.124951,801900,1.394182
2000-03-09,17.499949,17.749973,17.249925,17.749973,328200,1.365339
2000-03-08,17.12497,17.499949,17.062435,17.499949,139700,1.346107
2000-03-07,16.593712,16.874946,16.562502,16.812413,394800,1.293221
2000-03-06,16.624923,17.249925,16.562502,16.999901,425400,1.307643
2000-03-03,16.249944,16.749992,16.249944,16.562502,182300,1.273998
2000-03-02,16.375013,16.499968,16.375013,16.437434,234200,1.264377
2000-03-01,16.999901,17.18739,16.249944,16.499968,278300,1.269188
2000-02-29,17.499949,17.499949,16.999901,17.062435,57600,1.312453
2000-02-28,17.874927,17.874927,17.249925,17.374994,200700,1.336495
2000-02-25,17.687437,17.718648,17.499949,17.499949,2683400,1.346107
2000-02-24,17.562483,17.999996,17.499949,17.562483,237200,1.350917
2000-02-23,17.999996,17.999996,17.625018,17.937461,68100,1.37976
2000-02-22,17.874927,17.999996,17.625018,17.999996,150800,1.384571
2000-02-18,17.999996,17.999996,17.625018,17.625018,374000,1.355727
2000-02-17,17.749973,17.999996,17.625018,17.625018,122900,1.355727
2000-02-16,17.437528,17.749973,17.437528,17.625018,243200,1.355727
2000-02-15,18.124951,18.124951,16.000034,16.93748,364500,1.302841
2000-02-14,18.249906,18.49993,17.312459,18.249906,178200,1.403794
2000-02-11,18.374975,18.562463,17.874927,18.49993,189600,1.423026
2000-02-10,18.49993,19.187466,18.374975,18.562463,1617900,1.427836
2000-02-09,16.624923,17.999996,16.000034,17.999996,2057600,1.384571
2000-02-08,16.000034,16.124989,15.749897,16.124989,114300,1.240344
2000-02-07,16.499968,16.624923,15.874965,15.874965,534800,1.221112
2000-02-04,16.249944,16.499968,16.249944,16.499968,425400,1.269188
2000-02-03,15.906176,16.249944,15.687477,16.249944,203400,1.249956
2000-02-02,15.499987,15.874965,14.999939,15.749897,141800,1.211492
2000-02-01,16.000034,16.124989,14.812451,14.874985,226100,1.144193
2000-01-31,16.375013,16.437434,14.75003,15.937501,1163700,1.225922
2000-01-28,14.500006,16.874946,14.500006,16.375013,20359400,1.259576
2000-01-27,14.374937,14.500006,14.249982,14.249982,20300,1.096117
2000-01-26,14.437472,14.562541,14.249982,14.249982,206700,1.096117
2000-01-25,14.312403,14.562541,14.062494,14.281193,146000,1.098518
2000-01-24,14.531216,14.562541,14.437472,14.437472,50000,1.110539
2000-01-21,14.374937,14.624961,14.374937,14.562541,65700,1.12016
2000-01-20,14.437472,14.562541,14.374937,14.374937,42800,1.105729
2000-01-19,14.374937,14.624961,14.249982,14.249982,73100,1.096117
2000-01-18,14.218772,14.500006,14.218772,14.312403,146000,1.100919
2000-01-14,13.999958,14.062494,13.875004,14.062494,154800,1.081696
2000-01-13,13.749935,13.999958,13.749935,13.81247,244400,1.062464
2000-01-12,13.937425,13.937425,13.749935,13.81247,349200,1.062464
2000-01-11,13.749935,13.875004,13.749935,13.749935,95400,1.057653
2000-01-10,13.749935,13.999958,13.749935,13.749935,68100,1.057653
2000-01-07,14.124913,14.124913,13.749935,13.749935,232800,1.057653
2000-01-06,14.624961,14.75003,14.124913,14.249982,1009800,1.096117
2000-01-05,14.374937,14.374937,13.875004,14.187448,4802600,1.091307
2000-01-04,14.624961,14.999939,13.62498,14.062494,665100,1.081696
2000-01-03,14.75003,14.75003,13.500025,13.500025,683700,1.03843
1999-12-31,14.249982,14.374937,14.249982,14.374937,38400,1.105729
1999-12-30,13.81247,14.500006,13.81247,14.500006,311900,1.115349
1999-12-29,14.437472,14.437472,13.937425,14.437472,77900,1.110539
1999-12-28,13.937425,14.249982,13.937425,14.249982,65700,1.096117
1999-12-27,13.875004,13.999958,13.875004,13.999958,132500,1.076885
1999-12-23,13.781145,13.81247,13.749935,13.749935,95400,1.057653
1999-12-22,14.124913,14.249982,13.62498,13.999958,297900,1.076885
1999-12-21,13.937425,13.999958,13.749935,13.999958,357300,1.076885
1999-12-20,13.500025,13.749935,13.312536,13.749935,188600,1.057653
1999-12-17,12.999978,13.187468,12.87491,12.999978,636000,0.999966
1999-12-16,12.87491,12.999978,12.87491,12.937444,178200,0.995156
1999-12-15,12.843699,13.062399,12.843699,12.87491,300600,0.990346
1999-12-14,12.749954,12.87491,12.749954,12.812489,136500,0.985544
1999-12-13,12.999978,12.999978,12.749954,12.87491,131900,0.990346
1999-12-10,12.87491,13.062399,12.749954,12.999978,346500,0.999966
1999-12-09,12.374977,12.749954,12.374977,12.749954,139700,0.980734
1999-12-08,12.374977,12.68742,12.374977,12.68742,146000,0.975924
1999-12-07,12.499931,12.499931,12.374977,12.374977,301100,0.951891
1999-12-06,12.624999,12.749954,12.374977,12.499931,375500,0.961502
1999-12-03,12.68742,12.812489,12.624999,12.68742,144000,0.975924
1999-12-02,12.68742,12.749954,12.624999,12.749954,139700,0.980734
1999-12-01,12.25002,12.749954,12.25002,12.749954,57600,0.980734
1999-11-30,12.562465,12.87491,12.25002,12.624999,141000,0.971123
1999-11-29,12.499931,12.749954,12.499931,12.749954,213900,0.980734
1999-11-26,12.499931,12.499931,12.499931,12.499931,11000,0.961502
1999-11-24,12.187487,12.87491,12.124953,12.87491,114300,0.990346
1999-11-23,12.999978,12.999978,12.749954,12.749954,93200,0.980734
1999-11-22,12.749954,13.250001,12.749954,12.999978,59600,0.999966
1999-11-19,12.999978,12.999978,12.749954,12.999978,48600,0.999966
1999-11-18,13.125046,13.374956,12.87491,12.999978,179600,0.999966
1999-11-17,12.812489,12.87491,12.812489,12.87491,27600,0.990346
1999-11-16,12.999978,13.250001,12.999978,13.125046,258000,1.009587
1999-11-15,12.812489,12.999978,12.812489,12.999978,85100,0.999966
1999-11-12,12.499931,12.749954,12.499931,12.749954,139700,0.980734
1999-11-11,12.906233,12.906233,12.624999,12.812489,103200,0.985544
1999-11-10,13.250001,13.250001,12.87491,12.87491,245900,0.990346
1999-11-09,13.500025,13.562446,13.125046,13.125046,213900,1.009587
1999-11-08,13.62498,13.687515,13.500025,13.500025,129600,1.03843
1999-11-05,13.437491,13.749935,13.437491,13.687515,162200,1.052852
1999-11-04,13.562446,13.749935,13.562446,13.562446,50000,1.043232
1999-11-03,13.374956,13.749935,13.374956,13.749935,57600,1.057653
1999-11-02,13.156257,13.562446,13.156257,13.562446,74900,1.043232
1999-11-01,13.156257,13.156257,13.125046,13.125046,12200,1.009587
1999-10-29,13.125046,13.374956,13.125046,13.125046,31700,1.009587
1999-10-28,13.125046,13.374956,13.125046,13.374956,45500,1.02881
1999-10-27,13.250001,13.500025,13.125046,13.500025,100100,1.03843
1999-10-26,12.999978,13.250001,12.999978,13.250001,34700,1.019198
1999-10-25,12.999978,13.187468,12.87491,12.999978,80300,0.999966
1999-10-22,13.250001,13.500025,13.250001,13.374956,83900,1.02881
1999-10-21,13.500025,13.500025,13.250001,13.500025,103200,1.03843
1999-10-20,13.62498,13.749935,13.62498,13.62498,209900,1.048042
1999-10-19,13.62498,13.999958,13.374956,13.749935,689900,1.057653
1999-10-18,13.218678,13.62498,12.87491,13.374956,170300,1.02881
1999-10-15,13.062399,13.437491,12.999978,13.250001,118800,1.019198
1999-10-14,12.999978,13.250001,12.999978,13.250001,24500,1.019198
1999-10-13,13.062399,13.125046,12.999978,12.999978,52800,0.999966
1999-10-12,12.749954,13.250001,12.749954,13.250001,63600,1.019198
1999-10-11,12.749954,12.749954,12.499931,12.624999,89300,0.971123
1999-10-08,12.749954,12.749954,12.499931,12.499931,194400,0.961502
1999-10-07,12.749954,12.749954,12.25002,12.624999,207900,0.971123
1999-10-06,13.281212,13.374956,12.87491,12.87491,124800,0.990346
1999-10-05,13.250001,13.500025,13.250001,13.250001,24500,1.019198
1999-10-04,13.62498,13.62498,13.250001,13.500025,50600,1.03843
1999-10-01,13.749935,13.749935,13.500025,13.500025,205400,1.03843
1999-09-30,13.999958,13.999958,13.500025,13.500025,100100,1.03843
1999-09-29,13.62498,13.999958,13.62498,13.875004,24500,1.067274
1999-09-28,13.562446,13.999958,13.500025,13.749935,102200,1.057653
1999-09-27,13.687515,13.875004,13.500025,13.62498,41400,1.048042
1999-09-24,13.374956,14.124913,13.374956,13.749935,41400,1.057653
1999-09-23,13.62498,14.249982,13.500025,13.500025,135000,1.03843
1999-09-22,13.62498,13.999958,13.62498,13.875004,80300,1.067274
1999-09-21,14.218772,14.249982,13.749935,13.999958,161300,1.076885
1999-09-20,14.124913,14.124913,13.500025,13.999958,123500,1.076885
1999-09-17,13.343747,13.937425,13.250001,13.500025,180500,1.03843
1999-09-16,13.062399,13.250001,13.062399,13.250001,1545000,1.019198
1999-09-15,13.031188,13.500025,12.87491,12.999978,585200,0.999966
1999-09-14,12.562465,13.999958,12.499931,12.749954,571200,0.980734
1999-09-13,12.562465,12.624999,12.25002,12.374977,105300,0.951891
1999-09-10,12.374977,12.499931,12.374977,12.374977,548700,0.951891
1999-09-09,12.87491,12.87491,12.124953,12.374977,317300,0.951891
1999-09-08,12.468721,12.499931,12.062532,12.374977,123500,0.951891
1999-09-07,12.87491,12.999978,12.25002,12.499931,295800,0.961502
1999-09-03,11.999998,12.87491,11.999998,12.812489,296600,0.985544
1999-09-02,11.812508,11.999998,11.812508,11.999998,91100,0.923047
1999-09-01,11.999998,11.999998,11.749974,11.812508,22500,0.908625
1999-08-31,11.875042,11.875042,11.624905,11.875042,113600,0.913435
1999-08-30,11.624905,11.624905,11.624905,11.624905,38400,0.894195
1999-08-27,11.749974,11.749974,11.624905,11.749974,52800,0.903815
1999-08-26,11.624905,11.875042,11.624905,11.875042,24500,0.913435
1999-08-25,11.812508,11.999998,11.624905,11.624905,177500,0.894195
1999-08-24,12.25002,12.25002,11.875042,11.999998,86400,0.923047
1999-08-23,12.374977,12.374977,11.624905,12.124953,207900,0.932659
1999-08-20,12.624999,12.624999,12.374977,12.374977,60900,0.951891
1999-08-19,12.749954,12.812489,12.624999,12.624999,129600,0.971123
1999-08-18,12.749954,12.87491,12.749954,12.87491,13500,0.990346
1999-08-17,12.999978,12.999978,12.87491,12.87491,118400,0.990346
1999-08-16,12.999978,12.999978,12.999978,12.999978,5000,0.999966
1999-08-13,13.250001,13.250001,12.499931,12.624999,121500,0.971123
1999-08-12,13.156257,13.374956,12.999978,12.999978,54900,0.999966
1999-08-11,12.124953,12.624999,11.999998,12.499931,324000,0.961502
1999-08-10,13.875004,13.999958,12.374977,12.499931,519800,0.961502
1999-08-09,13.62498,13.999958,13.374956,13.999958,170300,1.076885
1999-08-06,13.937425,13.937425,13.62498,13.749935,59600,1.057653
1999-08-05,13.875004,14.249982,13.875004,13.999958,1263800,1.076885
1999-08-04,13.999958,14.124913,13.749935,13.937425,1312400,1.072075
1999-08-03,13.81247,13.875004,13.749935,13.875004,145800,1.067274
1999-08-02,13.875004,13.937425,13.749935,13.749935,45500,1.057653
1999-07-30,13.749935,13.875004,13.749935,13.81247,45500,1.062464
1999-07-29,13.374956,13.999958,13.250001,13.749935,646800,1.057653
1999-07-28,13.374956,13.500025,13.125046,13.500025,222900,1.03843
1999-07-27,13.125046,13.250001,12.87491,13.125046,803900,1.009587
1999-07-26,13.62498,13.62498,13.125046,13.125046,100100,1.009587
1999-07-23,14.500006,14.500006,13.500025,13.62498,328100,1.048042
1999-07-22,13.62498,13.999958,13.374956,13.999958,725000,1.076885
1999-07-21,13.62498,14.124913,13.374956,13.500025,432600,1.03843
1999-07-20,13.531236,13.687515,13.437491,13.500025,497000,1.03843
1999-07-19,14.75003,14.75003,13.374956,13.500025,321900,1.03843
1999-07-16,15.437453,15.437453,14.374937,14.75003,230900,1.134581
1999-07-15,15.499987,15.562408,14.999939,15.499987,1054400,1.192268
1999-07-14,13.374956,16.375013,13.374956,15.312498,4323600,1.177847
1999-07-13,13.125046,13.374956,13.125046,13.374956,143100,1.02881
1999-07-12,13.374956,13.500025,13.125046,13.250001,370800,1.019198
1999-07-09,13.500025,13.500025,12.999978,13.187468,124800,1.014388
1999-07-08,12.999978,13.250001,12.937444,13.125046,214700,1.009587
1999-07-07,13.250001,13.562446,12.999978,12.999978,385700,0.999966
1999-07-06,12.624999,13.374956,12.374977,13.250001,1315100,1.019198
1999-07-02,11.749974,12.624999,11.749974,12.25002,403800,0.942279
1999-07-01,11.49995,11.749974,11.49995,11.49995,1515600,0.884583
1999-06-30,11.749974,11.749974,11.374995,11.49995,439400,0.884583
1999-06-29,11.374995,11.49995,11.124971,11.374995,1078200,0.874972
1999-06-28,11.749974,11.749974,11.249926,11.374995,503100,0.874972
1999-06-25,11.437415,11.624905,11.187506,11.49995,597300,0.884583
1999-06-24,11.624905,11.624905,11.124971,11.49995,713700,0.884583
1999-06-23,11.406205,11.562484,11.374995,11.49995,209400,0.884583
1999-06-22,11.249926,11.749974,11.124971,11.49995,810900,0.884583
1999-06-21,11.000016,11.187506,10.874947,11.187506,91400,0.86055
1999-06-18,10.625038,11.000016,10.625038,11.000016,48600,0.846128
1999-06-17,10.625038,11.000016,10.625038,10.874947,118400,0.836508
1999-06-16,11.000016,11.000016,10.625038,10.625038,57600,0.817284
1999-06-15,10.874947,10.874947,10.625038,10.625038,100500,0.817284
1999-06-14,11.000016,11.000016,10.749993,10.749993,45500,0.826896
1999-06-11,11.249926,11.249926,10.874947,11.000016,72900,0.846128
1999-06-10,11.124971,11.374995,11.124971,11.374995,203400,0.874972
1999-06-09,11.562484,11.562484,11.249926,11.249926,143100,0.865351
1999-06-08,11.531274,11.562484,11.374995,11.374995,80300,0.874972
1999-06-07,11.249926,11.562484,10.968692,11.562484,335400,0.889393
1999-06-04,10.499969,11.49995,10.499969,11.49995,206700,0.884583
1999-06-03,10.499969,10.937482,10.499969,10.625038,95400,0.817284
1999-06-02,10.718669,10.749993,10.375014,10.499969,267300,0.807664
1999-06-01,11.249926,11.31246,10.687458,10.812527,460500,0.831706
1999-05-28,10.968692,10.968692,10.562503,10.562503,16400,0.812474
1999-05-27,11.875042,11.999998,10.687458,10.687458,353700,0.822086
1999-05-26,11.624905,11.875042,11.562484,11.562484,87000,0.889393
1999-05-25,11.562484,11.749974,11.49995,11.562484,66800,0.889393
1999-05-24,11.999998,11.999998,11.624905,11.624905,50000,0.894195
1999-05-21,11.687439,11.999998,11.49995,11.999998,348300,0.923047
1999-05-20,11.749974,11.875042,11.749974,11.875042,109400,0.913435
1999-05-19,11.999998,11.999998,11.687439,11.687439,405900,0.899005
1999-05-18,11.999998,11.999998,11.687439,11.749974,195800,0.903815
1999-05-17,11.687439,11.687439,11.687439,11.687439,18200,0.899005
1999-05-14,11.374995,11.999998,11.124971,11.875042,357300,0.913435
1999-05-13,11.49995,11.49995,11.31246,11.49995,27200,0.884583
1999-05-12,11.999998,11.999998,11.437415,11.437415,115700,0.879773
1999-05-11,11.999998,11.999998,11.749974,11.749974,301100,0.903815
1999-05-10,11.49995,11.999998,11.374995,11.999998,335400,0.923047
1999-05-07,11.187506,11.49995,11.187506,11.49995,453800,0.884583
1999-05-06,11.624905,11.624905,11.124971,11.374995,162200,0.874972
1999-05-05,11.124971,11.374995,11.124971,11.374995,77900,0.874972
1999-05-04,11.624905,11.624905,11.000016,11.124971,94100,0.85574
1999-05-03,11.562484,11.624905,11.49995,11.624905,133800,0.894195
1999-04-30,11.49995,11.624905,11.31246,11.624905,239900,0.894195
1999-04-29,11.249926,11.49995,11.062437,11.374995,460500,0.874972
1999-04-28,11.31246,11.31246,11.000016,11.187506,179600,0.86055
1999-04-27,10.874947,11.31246,10.874947,11.31246,751500,0.870161
1999-04-26,10.937482,10.937482,10.812527,10.937482,50000,0.841318
1999-04-23,11.187506,11.249926,10.937482,10.937482,95400,0.841318
1999-04-22,11.49995,11.49995,11.000016,11.249926,305700,0.865351
1999-04-21,11.249926,11.374995,11.062437,11.374995,13500,0.874972
1999-04-20,11.49995,11.562484,11.124971,11.124971,15500,0.85574
1999-04-19,11.374995,11.49995,11.062437,11.49995,114300,0.884583
1999-04-16,11.249926,11.49995,11.062437,11.062437,212600,0.850929
1999-04-15,11.374995,11.624905,11.124971,11.49995,235100,0.884583
1999-04-14,11.249926,11.624905,11.062437,11.49995,287600,0.884583
1999-04-13,11.124971,11.249926,11.124971,11.124971,68100,0.85574
1999-04-12,11.124971,11.124971,10.874947,11.124971,207900,0.85574
1999-04-09,10.874947,11.000016,10.874947,11.000016,72900,0.846128
1999-04-08,10.499969,10.749993,10.499969,10.499969,103200,0.807664
1999-04-07,10.749993,10.749993,10.375014,10.499969,80300,0.807664
1999-04-06,10.937482,10.937482,10.749993,10.749993,97400,0.826896
1999-04-05,11.249926,11.249926,10.874947,10.874947,18500,0.836508
1999-04-01,10.874947,10.874947,10.874947,10.874947,48600,0.836508
1999-03-31,10.749993,11.000016,10.749993,11.000016,577100,0.846128
1999-03-30,11.124971,11.249926,10.749993,10.749993,81900,0.826896
1999-03-29,11.374995,11.374995,10.625038,11.249926,269300,0.865351
1999-03-26,11.000016,11.000016,10.625038,11.000016,52800,0.846128
1999-03-25,11.000016,11.999998,10.625038,11.124971,191300,0.85574
1999-03-24,10.499969,10.874947,10.437548,10.874947,33800,0.836508
1999-03-23,10.562503,10.562503,10.437548,10.499969,342200,0.807664
1999-03-22,10.375014,10.499969,10.375014,10.499969,47400,0.807664
1999-03-19,9.937502,10.562503,9.937502,10.437548,392100,0.802863
1999-03-18,9.937502,9.999922,9.937502,9.937502,211500,0.764399
1999-03-17,9.937502,9.999922,9.562523,9.937502,105300,0.764399
1999-03-16,9.999922,9.999922,9.999922,9.999922,200,0.7692
1999-03-15,9.750012,9.999922,9.750012,9.999922,11000,0.7692
1999-03-12,9.874967,10.062456,9.812433,9.999922,375500,0.7692
1999-03-11,9.999922,9.999922,9.812433,9.999922,96000,0.7692
1999-03-10,9.499989,9.999922,9.499989,9.624943,186500,0.740357
1999-03-09,9.999922,10.124991,9.874967,9.874967,332300,0.759589
1999-03-08,10.187411,10.499969,9.999922,9.999922,230900,0.7692
1999-03-05,10.499969,10.499969,9.999922,10.249946,291600,0.788432
1999-03-04,9.499989,11.000016,9.499989,10.499969,1822700,0.807664
1999-03-03,9.000055,9.375034,9.000055,9.187544,221600,0.706712
1999-03-02,8.437473,8.937407,8.437473,8.874986,237200,0.682669
1999-03-01,8.125029,8.874986,8.125029,8.874986,102200,0.682669
1999-02-26,8.374939,8.562428,8.125029,8.562428,251100,0.658627
1999-02-25,9.499989,9.499989,8.500008,8.624963,198600,0.663437
1999-02-24,9.375034,9.624943,8.749917,8.874986,341600,0.682669
1999-02-23,9.375034,9.375034,9.375034,9.375034,59600,0.721133
1999-02-22,9.812433,9.812433,9.375034,9.499989,326300,0.730745
1999-02-19,9.687478,9.687478,9.12501,9.499989,118400,0.730745
1999-02-18,9.937502,9.999922,9.874967,9.874967,36500,0.759589
1999-02-17,9.999922,9.999922,9.624943,9.937502,141000,0.764399
1999-02-16,9.999922,9.999922,9.249965,9.999922,66800,0.7692
1999-02-12,9.375034,9.999922,9.375034,9.999922,27600,0.7692
1999-02-11,9.874967,9.874967,9.874967,9.874967,27200,0.759589
1999-02-10,9.499989,9.999922,9.499989,9.874967,51900,0.759589
1999-02-09,9.624943,9.999922,9.249965,9.249965,50000,0.711513
1999-02-08,9.750012,9.750012,9.499989,9.624943,45900,0.740357
1999-02-05,9.499989,9.750012,9.249965,9.750012,54900,0.749977
1999-02-04,9.249965,9.375034,9.12501,9.375034,24500,0.721133
1999-02-03,9.375034,9.562523,9.375034,9.375034,288900,0.721133
1999-02-02,9.375034,9.375034,9.375034,9.375034,73100,0.721133
1999-02-01,9.000055,9.499989,9.000055,9.249965,65700,0.711513
1999-01-29,9.000055,9.624943,9.000055,9.499989,86400,0.730745
1999-01-28,8.749917,9.499989,8.749917,9.499989,166100,0.730745
1999-01-27,9.499989,9.499989,8.500008,9.249965,318800,0.711513
1999-01-26,9.375034,9.562523,9.12501,9.562523,91400,0.735555
1999-01-25,9.249965,9.249965,9.249965,9.249965,2900,0.711513
1999-01-22,9.499989,9.750012,9.375034,9.375034,29300,0.721133
1999-01-21,9.624943,9.874967,9.375034,9.874967,186500,0.759589
1999-01-20,9.375034,9.750012,9.375034,9.624943,60900,0.740357
1999-01-19,9.750012,9.750012,9.375034,9.375034,6300,0.721133
1999-01-15,9.499989,9.499989,9.499989,9.499989,000,0.730745
1999-01-14,9.499989,9.624943,9.375034,9.499989,50000,0.730745
1999-01-13,9.499989,9.999922,9.249965,9.999922,88400,0.7692
1999-01-12,9.624943,9.999922,9.499989,9.999922,241800,0.7692
1999-01-11,9.874967,9.999922,9.499989,9.999922,235100,0.7692
1999-01-08,9.624943,9.874967,9.624943,9.874967,13500,0.759589
1999-01-07,9.750012,9.999922,9.624943,9.874967,127800,0.759589
1999-01-06,9.624943,9.999922,9.624943,9.999922,232200,0.7692
1999-01-05,9.999922,9.999922,9.874967,9.999922,103200,0.7692
1999-01-04,9.874967,10.249946,9.874967,9.874967,168900,0.759589
1998-12-31,9.312499,9.312499,9.312499,9.312499,32400,0.716323
1998-12-30,9.312499,9.562523,9.312499,9.562523,113600,0.735555
1998-12-29,9.12501,9.874967,9.12501,9.874967,31700,0.759589
1998-12-28,9.000055,9.000055,9.000055,9.000055,21200,0.69229
1998-12-24,9.999922,9.999922,9.000055,9.000055,6300,0.69229
1998-12-23,9.249965,9.375034,9.000055,9.000055,228200,0.69229
1998-12-22,9.12501,9.12501,8.874986,9.12501,91400,0.701901
1998-12-21,9.249965,9.249965,9.249965,9.249965,6300,0.711513
1998-12-18,9.499989,9.499989,9.499989,9.499989,200,0.730745
1998-12-17,9.375034,9.750012,9.249965,9.750012,109500,0.749977
1998-12-16,9.624943,9.624943,9.249965,9.249965,57600,0.711513
1998-12-15,9.312499,9.624943,9.249965,9.624943,45900,0.740357
1998-12-14,9.000055,9.312499,9.000055,9.312499,29300,0.716323
1998-12-11,9.000055,9.000055,9.000055,9.000055,000,0.69229
1998-12-10,9.000055,9.249965,9.000055,9.000055,52800,0.69229
1998-12-09,9.12501,9.12501,9.12501,9.12501,7400,0.701901
1998-12-08,9.000055,9.499989,9.000055,9.499989,33800,0.730745
1998-12-07,9.000055,9.000055,9.000055,9.000055,5000,0.69229
1998-12-04,9.000055,9.000055,9.000055,9.000055,000,0.69229
1998-12-03,9.000055,9.000055,9.000055,9.000055,13500,0.69229
1998-12-02,9.000055,9.000055,9.000055,9.000055,2000,0.69229
1998-12-01,9.000055,9.499989,9.000055,9.000055,218900,0.69229
1998-11-30,9.499989,9.750012,9.12501,9.249965,59000,0.711513
1998-11-27,9.499989,9.499989,9.499989,9.499989,22500,0.730745
1998-11-25,9.874967,9.874967,9.812433,9.874967,16400,0.759589
1998-11-24,9.874967,9.874967,9.874967,9.874967,9000,0.759589
1998-11-23,10.124991,10.124991,9.375034,9.375034,43800,0.721133
1998-11-20,9.874967,9.999922,9.562523,9.999922,83900,0.7692
1998-11-19,9.999922,9.999922,9.999922,9.999922,000,0.7692
1998-11-18,9.999922,9.999922,9.999922,9.999922,11000,0.7692
1998-11-17,9.999922,9.999922,9.999922,9.999922,66800,0.7692
1998-11-16,9.999922,10.499969,9.999922,9.999922,86400,0.7692
1998-11-13,9.437454,9.874967,9.437454,9.874967,24500,0.759589
1998-11-12,9.375034,9.874967,9.375034,9.874967,68100,0.759589
1998-11-11,9.375034,9.375034,9.000055,9.000055,11000,0.69229
1998-11-10,9.000055,9.000055,9.000055,9.000055,12200,0.69229
1998-11-09,9.249965,9.249965,9.000055,9.000055,64100,0.69229
1998-11-06,9.750012,9.750012,9.12501,9.249965,68900,0.711513
1998-11-05,9.12501,9.624943,9.12501,9.499989,42800,0.730745
1998-11-04,9.12501,9.375034,9.000055,9.375034,312800,0.721133
1998-11-03,9.499989,9.499989,9.000055,9.12501,237200,0.701901
1998-11-02,9.12501,9.499989,9.000055,9.499989,216000,0.730745
1998-10-30,9.499989,9.750012,9.000055,9.000055,100100,0.69229
1998-10-29,9.624943,9.624943,9.499989,9.499989,22500,0.730745
1998-10-28,9.12501,9.999922,9.12501,9.499989,127500,0.730745
1998-10-27,9.249965,9.999922,9.249965,9.750012,80300,0.749977
1998-10-26,9.499989,9.999922,9.249965,9.750012,237200,0.749977
1998-10-23,9.499989,9.874967,9.249965,9.499989,241200,0.730745
1998-10-22,8.374939,9.750012,8.374939,9.499989,332300,0.730745
1998-10-21,8.374939,8.500008,8.374939,8.500008,89300,0.653826
1998-10-20,8.624963,8.624963,8.374939,8.374939,7400,0.644205
1998-10-19,8.624963,8.624963,8.500008,8.500008,18200,0.653826
1998-10-16,8.500008,8.624963,8.374939,8.624963,150800,0.663437
1998-10-15,7.99996,8.125029,7.99996,8.125029,27200,0.624982
1998-10-14,7.99996,8.249984,7.99996,8.249984,127500,0.634594
1998-10-13,7.875005,8.249984,7.875005,7.93754,79200,0.61056
1998-10-12,7.75005,7.75005,7.75005,7.75005,11000,0.596139
1998-10-09,7.687516,7.687516,7.499913,7.624982,66800,0.586518
1998-10-08,7.624982,7.75005,7.624982,7.75005,12200,0.596139
1998-10-07,7.75005,7.75005,7.75005,7.75005,25700,0.596139
1998-10-06,7.99996,8.187449,7.99996,7.99996,57600,0.615362
1998-10-05,7.99996,7.99996,7.99996,7.99996,200,0.615362
1998-10-02,7.624982,7.687516,7.562447,7.562447,47400,0.581708
1998-10-01,7.499913,7.499913,7.499913,7.499913,80300,0.576898
1998-09-30,7.437492,7.99996,7.437492,7.875005,179600,0.60575
1998-09-29,7.499913,7.499913,7.312423,7.312423,333000,0.562476
1998-09-28,7.624982,7.75005,7.499913,7.562447,66800,0.581708
1998-09-25,8.125029,8.125029,7.624982,7.687516,607700,0.591328
1998-09-24,7.99996,7.99996,7.75005,7.99996,79200,0.615362
1998-09-23,8.500008,8.500008,8.500008,8.500008,7400,0.653826
1998-09-22,7.687516,8.374939,7.687516,8.374939,89300,0.644205
1998-09-21,7.624982,8.374939,7.624982,8.374939,24500,0.644205
1998-09-18,7.875005,8.249984,7.875005,8.249984,122900,0.634594
1998-09-17,7.99996,7.99996,7.99996,7.99996,000,0.615362
1998-09-16,7.624982,7.99996,7.624982,7.99996,220700,0.615362
1998-09-15,7.99996,8.125029,7.624982,7.624982,105300,0.586518
1998-09-14,7.562447,7.562447,7.562447,7.562447,000,0.581708
1998-09-11,7.75005,7.75005,7.562447,7.562447,112200,0.581708
1998-09-10,7.75005,7.99996,7.75005,7.99996,88400,0.615362
1998-09-09,7.875005,7.875005,7.875005,7.875005,15500,0.60575
1998-09-08,7.75005,8.125029,7.75005,7.875005,188600,0.60575
1998-09-04,8.125029,8.125029,7.99996,7.99996,27200,0.615362
1998-09-03,8.500008,8.500008,7.99996,7.99996,20300,0.615362
1998-09-02,8.249984,8.249984,7.75005,7.75005,232200,0.596139
1998-09-01,7.499913,7.99996,7.374958,7.99996,52800,0.615362
1998-08-31,8.125029,8.125029,6.749955,6.749955,667100,0.519211
1998-08-28,8.500008,8.500008,7.99996,8.249984,95400,0.634594
1998-08-27,8.500008,8.749917,8.249984,8.249984,68900,0.634594
1998-08-26,8.749917,8.749917,8.624963,8.624963,212600,0.663437
1998-08-25,8.562428,8.874986,8.562428,8.749917,367400,0.673049
1998-08-24,8.749917,8.749917,8.500008,8.500008,478100,0.653826
1998-08-21,8.374939,9.000055,8.374939,9.000055,136500,0.69229
1998-08-20,9.249965,9.249965,8.249984,8.812452,656100,0.677859
1998-08-19,9.624943,9.624943,9.249965,9.249965,15500,0.711513
1998-08-18,9.499989,9.562523,9.249965,9.249965,459900,0.711513
1998-08-17,9.624943,9.624943,9.499989,9.562523,155300,0.735555
1998-08-14,9.999922,9.999922,9.874967,9.874967,59000,0.759589
1998-08-13,9.874967,9.874967,9.499989,9.874967,446400,0.759589
1998-08-12,9.687478,9.812433,9.687478,9.750012,422100,0.749977
1998-08-11,9.999922,9.999922,9.624943,9.624943,182400,0.740357
1998-08-10,9.750012,9.999922,9.624943,9.624943,155300,0.740357
1998-08-07,9.624943,10.124991,9.624943,9.999922,282800,0.7692
1998-08-06,9.249965,9.499989,9.249965,9.375034,159900,0.721133
1998-08-05,9.874967,9.874967,9.12501,9.12501,576000,0.701901
1998-08-04,9.624943,9.687478,9.624943,9.687478,366500,0.745167
1998-08-03,9.624943,9.687478,9.624943,9.624943,299000,0.740357
1998-07-31,10.187411,10.187411,9.562523,9.999922,608900,0.7692
1998-07-30,10.062456,10.187411,10.062456,10.124991,41400,0.778821
1998-07-29,10.249946,10.249946,10.187411,10.187411,193200,0.783622
1998-07-28,10.31248,10.625038,10.249946,10.249946,825000,0.788432
1998-07-27,10.375014,10.375014,10.249946,10.249946,255300,0.788432
1998-07-24,10.249946,10.625038,10.249946,10.499969,123500,0.807664
1998-07-23,10.625038,10.874947,10.249946,10.249946,368700,0.788432
1998-07-22,10.749993,10.749993,10.249946,10.249946,59600,0.788432
1998-07-21,10.874947,11.000016,10.499969,10.625038,178200,0.817284
1998-07-20,10.31248,10.749993,10.31248,10.749993,132500,0.826896
1998-07-17,10.124991,10.375014,10.124991,10.249946,144000,0.788432
1998-07-16,10.249946,10.499969,10.124991,10.249946,81900,0.788432
1998-07-15,10.375014,10.375014,10.124991,10.375014,473900,0.798052
1998-07-14,10.375014,10.499969,10.375014,10.437548,257100,0.802863
1998-07-13,10.625038,10.625038,10.437548,10.437548,131900,0.802863
1998-07-10,10.687458,10.874947,10.499969,10.499969,383000,0.807664
1998-07-09,10.375014,10.499969,10.375014,10.499969,273600,0.807664
1998-07-08,9.999922,10.375014,9.999922,10.375014,355200,0.798052
1998-07-07,9.874967,10.249946,9.874967,10.249946,369500,0.788432
1998-07-06,10.249946,10.249946,9.999922,10.249946,120300,0.788432
1998-07-02,10.249946,10.249946,9.999922,9.999922,124800,0.7692
1998-07-01,9.999922,10.375014,9.999922,10.375014,486000,0.798052
1998-06-30,10.249946,10.249946,9.750012,9.750012,622500,0.749977
1998-06-29,9.999922,10.249946,9.999922,10.249946,244400,0.788432
1998-06-26,9.750012,10.249946,9.750012,10.249946,54600,0.788432
1998-06-25,10.437548,10.437548,9.999922,10.249946,341600,0.788432
1998-06-24,10.375014,10.562503,10.062456,10.124991,275400,0.778821
1998-06-23,10.375014,10.625038,10.375014,10.625038,255200,0.817284
1998-06-22,10.249946,10.499969,10.249946,10.249946,22500,0.788432
1998-06-19,10.499969,10.499969,10.499969,10.499969,11000,0.807664
1998-06-18,10.499969,10.625038,10.249946,10.375014,196400,0.798052
1998-06-17,10.249946,10.625038,10.249946,10.31248,434700,0.793242
1998-06-16,10.437548,10.437548,10.249946,10.31248,229700,0.793242
1998-06-15,10.375014,10.437548,10.249946,10.249946,131900,0.788432
1998-06-12,10.375014,10.499969,10.375014,10.375014,104600,0.798052
1998-06-11,10.625038,10.687458,10.499969,10.499969,132500,0.807664
1998-06-10,10.375014,10.499969,10.375014,10.375014,145800,0.798052
1998-06-09,10.499969,10.562503,10.249946,10.562503,310100,0.812474
1998-06-08,10.499969,10.625038,10.499969,10.562503,106700,0.812474
1998-06-05,10.124991,10.625038,10.124991,10.499969,102200,0.807664
1998-06-04,10.375014,10.499969,10.124991,10.31248,198600,0.793242
1998-06-03,10.499969,10.625038,10.249946,10.375014,402900,0.798052
1998-06-02,9.999922,10.375014,9.750012,10.124991,173400,0.778821
1998-06-01,10.499969,10.562503,9.750012,9.812433,1095500,0.754778
1998-05-29,10.499969,10.625038,10.499969,10.562503,123500,0.812474
1998-05-28,10.499969,10.499969,10.499969,10.499969,38400,0.807664
1998-05-27,10.749993,11.000016,10.499969,10.499969,318800,0.807664
1998-05-26,11.187506,11.187506,10.749993,10.874947,809300,0.836508
1998-05-22,11.124971,11.249926,11.124971,11.124971,845700,0.85574
1998-05-21,11.187506,11.187506,11.124971,11.187506,457700,0.86055
1998-05-20,11.000016,11.249926,11.000016,11.249926,767400,0.865351
1998-05-19,11.000016,11.249926,11.000016,11.249926,364700,0.865351
1998-05-18,11.374995,11.49995,11.000016,11.000016,424100,0.846128
1998-05-15,11.49995,11.49995,11.374995,11.374995,316100,0.874972
1998-05-14,11.437415,11.437415,11.437415,11.437415,27600,0.879773
1998-05-13,11.374995,11.437415,11.374995,11.374995,29300,0.874972
1998-05-12,11.124971,11.31246,11.124971,11.249926,182300,0.865351
1998-05-11,11.249926,11.31246,11.124971,11.249926,257100,0.865351
1998-05-08,11.124971,11.31246,11.124971,11.124971,24500,0.85574
1998-05-07,11.31246,11.31246,11.124971,11.124971,143100,0.85574
1998-05-06,11.249926,11.31246,11.249926,11.31246,16400,0.870161
1998-05-05,11.249926,11.31246,11.124971,11.124971,294500,0.85574
1998-05-04,11.31246,11.31246,11.124971,11.249926,164300,0.865351
1998-05-01,11.31246,11.31246,11.31246,11.31246,200,0.870161
1998-04-30,11.124971,11.31246,11.124971,11.187506,239900,0.86055
1998-04-29,11.187506,11.31246,11.124971,11.124971,155300,0.85574
1998-04-28,11.000016,11.124971,11.000016,11.124971,95400,0.85574
1998-04-27,11.124971,11.31246,11.000016,11.000016,255300,0.846128
1998-04-24,11.31246,11.31246,11.187506,11.187506,109500,0.86055
1998-04-23,11.000016,11.31246,11.000016,11.187506,255200,0.86055
1998-04-22,11.000016,11.31246,11.000016,11.000016,222900,0.846128
1998-04-21,11.374995,11.374995,11.000016,11.000016,86400,0.846128
1998-04-20,11.249926,11.374995,11.000016,11.249926,320900,0.865351
1998-04-17,11.187506,11.249926,11.000016,11.124971,118400,0.85574
1998-04-16,11.31246,11.31246,11.187506,11.31246,148700,0.870161
1998-04-15,11.437415,11.49995,11.249926,11.31246,556200,0.870161
1998-04-14,11.374995,11.49995,11.249926,11.374995,560300,0.874972
1998-04-13,11.000016,11.374995,11.000016,11.374995,722900,0.874972
1998-04-09,11.000016,11.249926,11.000016,11.000016,282800,0.846128
1998-04-08,10.874947,11.249926,10.749993,11.249926,375500,0.865351
1998-04-07,10.749993,10.749993,10.499969,10.625038,77100,0.817284
1998-04-06,11.000016,11.124971,10.874947,11.000016,146000,0.846128
1998-04-03,10.749993,11.249926,10.749993,11.000016,326300,0.846128
1998-04-02,10.499969,10.749993,10.499969,10.749993,70200,0.826896
1998-04-01,10.625038,10.625038,10.499969,10.562503,54600,0.812474
1998-03-31,10.249946,10.625038,10.249946,10.625038,168300,0.817284
1998-03-30,10.499969,10.499969,10.249946,10.249946,96000,0.788432
1998-03-27,10.249946,10.499969,10.249946,10.375014,130500,0.798052
1998-03-26,10.249946,10.499969,10.249946,10.249946,241200,0.788432
1998-03-25,11.000016,11.000016,9.750012,10.249946,229700,0.788432
1998-03-24,10.375014,11.749974,10.375014,10.749993,1257500,0.826896
1998-03-23,9.562523,11.000016,9.562523,10.375014,920700,0.798052
1998-03-20,9.375034,9.750012,9.375034,9.624943,653400,0.740357
1998-03-19,8.937407,9.312499,8.937407,9.312499,481200,0.716323
1998-03-18,9.000055,9.062476,8.937407,9.000055,132500,0.69229
1998-03-17,9.375034,9.375034,8.687497,9.000055,294500,0.69229
1998-03-16,9.249965,9.312499,9.249965,9.312499,74900,0.716323
1998-03-13,9.187544,9.312499,9.187544,9.312499,288900,0.716323
1998-03-12,9.187544,9.312499,9.187544,9.312499,118800,0.716323
1998-03-11,9.375034,9.375034,9.375034,9.375034,000,0.721133
1998-03-10,9.000055,9.375034,9.000055,9.375034,60900,0.721133
1998-03-09,9.624943,9.624943,8.874986,9.000055,145800,0.69229
1998-03-06,9.062476,9.312499,9.062476,9.312499,178200,0.716323
1998-03-05,8.874986,9.000055,8.749917,9.000055,113600,0.69229
1998-03-04,9.312499,9.312499,8.874986,9.000055,62100,0.69229
1998-03-03,9.000055,9.12501,8.624963,9.000055,98600,0.69229
1998-03-02,9.062476,9.062476,9.000055,9.062476,132500,0.697091
1998-02-27,9.375034,9.375034,9.000055,9.12501,166100,0.701901
1998-02-26,9.187544,9.375034,9.187544,9.249965,214700,0.711513
1998-02-25,9.375034,9.375034,9.249965,9.249965,103200,0.711513
1998-02-24,9.437454,9.437454,9.187544,9.249965,144000,0.711513
1998-02-23,9.312499,9.562523,9.187544,9.249965,282800,0.711513
1998-02-20,9.750012,9.750012,9.12501,9.312499,405900,0.716323
1998-02-19,9.312499,9.750012,9.312499,9.562523,530600,0.735555
1998-02-18,9.437454,9.499989,9.187544,9.312499,352500,0.716323
1998-02-17,8.874986,9.437454,8.749917,9.187544,590600,0.706712
1998-02-13,9.000055,9.000055,8.687497,8.687497,154800,0.668248
1998-02-12,8.749917,9.12501,8.500008,8.874986,260100,0.682669
1998-02-11,8.874986,9.000055,8.500008,8.500008,314700,0.653826
1998-02-10,8.624963,9.000055,8.249984,8.874986,264600,0.682669
1998-02-09,8.249984,9.000055,7.875005,9.000055,362700,0.69229
1998-02-06,8.125029,8.249984,8.062495,8.249984,168300,0.634594
1998-02-05,8.125029,8.249984,7.75005,8.125029,146000,0.624982
1998-02-04,7.99996,8.125029,7.99996,8.062495,74900,0.620172
1998-02-03,7.99996,7.99996,7.875005,7.875005,42800,0.60575
1998-02-02,7.99996,8.062495,7.875005,7.875005,83900,0.60575
1998-01-30,7.99996,8.125029,7.99996,8.125029,14100,0.624982
1998-01-29,8.125029,8.125029,8.062495,8.062495,79200,0.620172
1998-01-28,7.75005,8.249984,7.75005,8.062495,54600,0.620172
1998-01-27,7.99996,7.99996,7.99996,7.99996,13500,0.615362
1998-01-26,8.125029,8.125029,7.75005,7.99996,18500,0.615362
1998-01-23,7.875005,7.875005,7.875005,7.875005,22500,0.60575
1998-01-22,8.125029,8.125029,8.125029,8.125029,12200,0.624982
1998-01-21,8.249984,8.249984,7.75005,8.249984,36600,0.634594
1998-01-20,7.875005,8.374939,7.875005,7.875005,305100,0.60575
1998-01-16,7.624982,7.624982,7.624982,7.624982,000,0.586518
1998-01-15,7.499913,7.624982,7.250003,7.624982,59000,0.586518
1998-01-14,7.875005,7.875005,7.499913,7.875005,36600,0.60575
1998-01-13,7.499913,7.624982,7.124934,7.624982,63600,0.586518
1998-01-12,6.875024,7.624982,6.625001,7.624982,132500,0.586518
1998-01-09,7.374958,7.374958,6.999979,7.312423,68100,0.562476
1998-01-08,7.499913,7.499913,7.499913,7.499913,200,0.576898
1998-01-07,7.250003,7.250003,7.250003,7.250003,30300,0.557675
1998-01-06,7.499913,7.75005,7.250003,7.624982,12200,0.586518
1998-01-05,7.562447,7.624982,7.499913,7.499913,105300,0.576898
1998-01-02,7.499913,7.499913,7.499913,7.499913,68100,0.576898
1997-12-31,7.499913,7.93754,7.499913,7.562447,179600,0.581708
1997-12-30,7.499913,7.499913,7.499913,7.499913,150000,0.576898
1997-12-29,7.499913,7.562447,7.499913,7.562447,213900,0.581708
1997-12-26,7.624982,7.75005,7.624982,7.624982,66800,0.586518
1997-12-24,7.75005,7.75005,7.75005,7.75005,000,0.596139
1997-12-23,7.75005,7.75005,7.75005,7.75005,54600,0.596139
1997-12-22,7.875005,7.875005,7.75005,7.75005,59600,0.596139
1997-12-19,7.75005,7.875005,7.624982,7.875005,85100,0.60575
1997-12-18,7.624982,7.99996,7.624982,7.99996,27600,0.615362
1997-12-17,7.75005,7.75005,7.624982,7.624982,42800,0.586518
1997-12-16,7.75005,7.99996,7.75005,7.99996,36500,0.615362
1997-12-15,7.99996,7.99996,7.624982,7.99996,95400,0.615362
1997-12-12,7.99996,7.99996,7.875005,7.875005,79200,0.60575
1997-12-11,7.875005,7.875005,7.624982,7.875005,16400,0.60575
1997-12-10,7.99996,7.99996,7.624982,7.99996,349200,0.615362
1997-12-09,7.250003,8.125029,7.250003,8.125029,323300,0.624982
1997-12-08,7.250003,7.250003,7.124934,7.250003,38400,0.557675
1997-12-05,7.124934,7.250003,7.124934,7.250003,38400,0.557675
1997-12-04,7.124934,7.250003,7.124934,7.124934,24500,0.548054
1997-12-03,6.999979,7.124934,6.999979,6.999979,75800,0.538443
1997-12-02,7.250003,7.250003,7.124934,7.124934,43800,0.548054
1997-12-01,7.312423,7.624982,7.062514,7.062514,144000,0.543253
1997-11-28,7.499913,7.624982,7.499913,7.624982,186500,0.586518
1997-11-26,7.499913,7.499913,7.374958,7.499913,121500,0.576898
1997-11-25,7.312423,7.312423,7.312423,7.312423,9000,0.562476
1997-11-24,7.499913,7.499913,7.312423,7.312423,9000,0.562476
1997-11-21,7.437492,7.437492,7.312423,7.312423,12200,0.562476
1997-11-20,7.250003,7.437492,7.187469,7.437492,65700,0.572096
1997-11-19,7.374958,7.499913,6.749955,7.250003,120300,0.557675
1997-11-18,7.374958,7.374958,7.374958,7.374958,11000,0.567286
1997-11-17,6.999979,7.250003,6.999979,7.250003,113600,0.557675
1997-11-14,6.875024,6.999979,6.875024,6.875024,141000,0.528831
1997-11-13,6.875024,6.937445,6.749955,6.937445,82400,0.533633
1997-11-12,7.187469,7.187469,6.81249,6.81249,130500,0.524021
1997-11-11,7.374958,7.374958,7.250003,7.281214,71100,0.560075
1997-11-10,7.374958,7.374958,7.250003,7.374958,246300,0.567286
1997-11-07,7.499913,7.499913,7.250003,7.499913,123500,0.576898
1997-11-06,7.499913,7.75005,7.499913,7.499913,234200,0.576898
1997-11-05,7.875005,7.875005,7.562447,7.562447,2900,0.581708
1997-11-04,7.624982,7.875005,7.624982,7.624982,33800,0.586518
1997-11-03,7.624982,7.624982,7.499913,7.624982,82400,0.586518
1997-10-31,7.875005,7.875005,7.499913,7.624982,153200,0.586518
1997-10-30,7.562447,7.75005,7.499913,7.75005,39300,0.596139
1997-10-29,7.875005,7.875005,7.656192,7.656192,36600,0.588919
1997-10-28,7.75005,8.249984,7.499913,7.99996,189600,0.615362
1997-10-27,7.75005,7.875005,7.75005,7.75005,100100,0.596139
1997-10-24,7.99996,8.125029,7.624982,7.875005,56700,0.60575
1997-10-23,7.75005,7.99996,7.499913,7.812471,227700,0.60094
1997-10-22,7.99996,8.249984,7.99996,8.249984,253400,0.634594
1997-10-21,7.99996,7.99996,7.99996,7.99996,5000,0.615362
1997-10-20,8.125029,8.374939,7.93754,8.374939,38400,0.644205
1997-10-17,8.125029,8.500008,7.875005,7.875005,45900,0.60575
1997-10-16,8.874986,8.874986,8.125029,8.500008,54600,0.653826
1997-10-15,8.500008,8.624963,8.500008,8.562428,167000,0.658627
1997-10-14,8.874986,8.874986,7.99996,8.500008,472100,0.653826
1997-10-13,8.874986,9.12501,8.874986,9.000055,150800,0.69229
1997-10-10,8.874986,9.12501,8.874986,9.12501,6300,0.701901
1997-10-09,9.000055,9.12501,8.874986,9.12501,164300,0.701901
1997-10-08,9.249965,9.375034,9.000055,9.12501,413100,0.701901
1997-10-07,9.375034,9.375034,9.249965,9.312499,167000,0.716323
1997-10-06,9.249965,9.375034,9.249965,9.249965,299000,0.711513
1997-10-03,9.375034,9.375034,9.249965,9.249965,209900,0.711513
1997-10-02,9.375034,9.499989,9.12501,9.375034,537900,0.721133
1997-10-01,8.781241,9.750012,8.749917,9.249965,1203000,0.711513
1997-09-30,8.687497,8.749917,8.500008,8.749917,66800,0.673049
1997-09-29,8.500008,8.500008,8.500008,8.500008,2000,0.653826
1997-09-26,8.624963,8.624963,8.624963,8.624963,27600,0.663437
1997-09-25,8.500008,8.624963,8.312518,8.624963,97400,0.663437
1997-09-24,8.562428,8.624963,8.500008,8.593752,446400,0.661037
1997-09-23,8.562428,8.624963,8.562428,8.562428,18500,0.658627
1997-09-22,8.749917,8.749917,8.562428,8.562428,234200,0.658627
1997-09-19,8.624963,8.749917,8.562428,8.562428,85100,0.658627
1997-09-18,8.562428,8.687497,8.562428,8.562428,189600,0.658627
1997-09-17,8.749917,8.749917,8.624963,8.687497,50600,0.668248
1997-09-16,8.749917,8.749917,8.624963,8.749917,22500,0.673049
1997-09-15,8.624963,8.749917,8.500008,8.624963,321900,0.663437
1997-09-12,8.812452,8.812452,8.624963,8.749917,54900,0.673049
1997-09-11,8.749917,8.874986,8.624963,8.874986,59600,0.682669
1997-09-10,8.437473,8.749917,8.437473,8.687497,302600,0.668248
1997-09-09,8.624963,8.624963,8.249984,8.624963,131900,0.663437
1997-09-08,8.374939,8.437473,8.187449,8.374939,349200,0.644205
1997-09-05,7.687516,8.500008,7.624982,8.249984,424100,0.634594
1997-09-04,7.499913,7.75005,7.499913,7.687516,33800,0.591328
1997-09-03,7.499913,7.75005,7.374958,7.687516,31700,0.591328
1997-09-02,7.99996,7.99996,7.499913,7.75005,628700,0.596139
1997-08-29,7.75005,7.99996,7.624982,7.624982,213900,0.586518
1997-08-28,7.75005,7.906216,7.75005,7.906216,36600,0.608151
1997-08-27,7.875005,7.875005,7.875005,7.875005,2900,0.60575
1997-08-26,7.875005,7.99996,7.75005,7.875005,120300,0.60575
1997-08-25,7.562447,7.93754,7.562447,7.687516,73100,0.591328
1997-08-22,7.75005,7.875005,7.75005,7.75005,64100,0.596139
1997-08-21,7.812471,7.875005,7.624982,7.687516,161300,0.591328
1997-08-20,7.875005,7.875005,7.687516,7.75005,209900,0.596139
1997-08-19,7.99996,7.99996,7.75005,7.75005,136500,0.596139
1997-08-18,7.687516,7.687516,7.687516,7.687516,4200,0.591328
1997-08-15,7.875005,7.99996,7.687516,7.687516,45500,0.591328
1997-08-14,7.75005,7.75005,7.75005,7.75005,50000,0.596139
1997-08-13,7.687516,7.875005,7.687516,7.875005,56700,0.60575
1997-08-12,7.875005,7.875005,7.75005,7.75005,18200,0.596139
1997-08-11,7.812471,7.812471,7.687516,7.687516,52800,0.591328
1997-08-08,7.624982,7.875005,7.624982,7.687516,204800,0.591328
1997-08-07,7.75005,7.75005,7.624982,7.624982,79200,0.586518
1997-08-06,7.75005,7.75005,7.499913,7.75005,43800,0.596139
1997-08-05,7.374958,7.75005,7.374958,7.374958,112200,0.567286
1997-08-04,7.374958,7.624982,7.312423,7.624982,72900,0.586518
1997-08-01,7.99996,7.99996,7.499913,7.75005,83900,0.596139
1997-07-31,7.624982,8.125029,7.624982,7.624982,173000,0.586518
1997-07-30,7.99996,7.99996,7.499913,7.75005,123500,0.596139
1997-07-29,7.875005,7.99996,7.75005,7.812471,79200,0.60094
1997-07-28,8.125029,8.125029,7.75005,7.99996,182300,0.615362
1997-07-25,8.374939,8.374939,8.125029,8.125029,20300,0.624982
1997-07-24,7.99996,8.374939,7.99996,8.249984,209400,0.634594
1997-07-23,7.99996,8.249984,7.99996,7.99996,202500,0.615362
1997-07-22,8.125029,8.187449,7.99996,7.99996,95400,0.615362
1997-07-21,7.875005,8.125029,7.875005,7.875005,105300,0.60575
1997-07-18,7.875005,7.99996,7.75005,7.875005,374000,0.60575
1997-07-17,8.249984,8.249984,7.875005,8.125029,264200,0.624982
1997-07-16,8.374939,8.374939,8.249984,8.249984,40700,0.634594
1997-07-15,8.374939,8.374939,8.249984,8.374939,56700,0.644205
1997-07-14,8.374939,8.374939,8.125029,8.374939,93200,0.644205
1997-07-11,8.249984,8.374939,8.125029,8.125029,54900,0.624982
1997-07-10,8.374939,8.374939,8.249984,8.249984,124800,0.634594
1997-07-09,8.374939,8.374939,8.125029,8.125029,36600,0.624982
1997-07-08,8.249984,8.374939,8.125029,8.125029,127500,0.624982
1997-07-07,8.437473,8.437473,8.249984,8.343728,156800,0.641805
1997-07-03,8.249984,8.437473,8.249984,8.437473,13500,0.649016
1997-07-02,8.500008,8.500008,8.249984,8.249984,30300,0.634594
1997-07-01,8.249984,8.374939,8.249984,8.374939,132500,0.644205
1997-06-30,8.437473,8.500008,8.249984,8.374939,75800,0.644205
1997-06-27,8.249984,8.437473,8.249984,8.437473,60900,0.649016
1997-06-26,8.125029,8.500008,8.125029,8.500008,71100,0.653826
1997-06-25,8.125029,8.437473,8.125029,8.437473,7400,0.649016
1997-06-24,8.125029,8.374939,8.125029,8.249984,66800,0.634594
1997-06-23,8.125029,8.374939,8.125029,8.374939,102200,0.644205
1997-06-20,8.500008,8.500008,8.125029,8.125029,72900,0.624982
1997-06-19,7.75005,8.437473,7.75005,8.125029,235100,0.624982
1997-06-18,7.875005,7.99996,7.812471,7.812471,100500,0.60094
1997-06-17,8.437473,8.437473,7.875005,8.187449,50000,0.629784
1997-06-16,8.125029,8.437473,8.125029,8.125029,109500,0.624982
1997-06-13,8.874986,8.874986,8.125029,8.125029,273600,0.624982
1997-06-12,8.249984,8.874986,8.249984,8.531218,251100,0.656226
1997-06-11,8.374939,8.624963,8.249984,8.249984,36600,0.634594
1997-06-10,8.749917,9.000055,8.249984,8.249984,257100,0.634594
1997-06-09,8.500008,9.12501,8.125029,8.749917,577100,0.673049
1997-06-06,7.562447,8.374939,7.374958,8.125029,943700,0.624982
1997-06-05,7.374958,7.562447,7.374958,7.499913,178200,0.576898
1997-06-04,7.562447,7.562447,7.374958,7.374958,41400,0.567286
1997-06-03,7.499913,7.499913,7.499913,7.499913,68100,0.576898
1997-06-02,6.999979,7.499913,6.999979,7.499913,15500,0.576898
1997-05-30,7.124934,7.124934,7.124934,7.124934,65700,0.548054
1997-05-29,6.999979,7.124934,6.999979,7.124934,45500,0.548054
1997-05-28,7.124934,7.250003,7.124934,7.124934,105300,0.548054
1997-05-27,7.499913,7.499913,7.124934,7.124934,159900,0.548054
1997-05-23,7.250003,7.499913,7.250003,7.250003,106700,0.557675
1997-05-22,7.124934,7.499913,7.124934,7.374958,366500,0.567286
1997-05-21,7.124934,7.250003,7.124934,7.124934,64100,0.548054
1997-05-20,7.124934,7.124934,6.875024,6.875024,209400,0.528831
1997-05-19,7.124934,7.124934,6.999979,7.124934,66800,0.548054
1997-05-16,6.875024,6.875024,6.875024,6.875024,24500,0.528831
1997-05-15,6.875024,7.124934,6.875024,6.875024,70200,0.528831
1997-05-14,7.124934,7.124934,6.875024,6.999979,24500,0.538443
1997-05-13,6.875024,7.124934,6.875024,6.875024,86400,0.528831
1997-05-12,7.250003,7.250003,6.875024,6.875024,65700,0.528831
1997-05-09,6.999979,7.250003,6.999979,7.250003,34700,0.557675
1997-05-08,6.999979,7.124934,6.875024,6.999979,255200,0.538443
1997-05-07,6.999979,6.999979,6.999979,6.999979,11000,0.538443
1997-05-06,6.749955,6.937445,6.749955,6.937445,68900,0.533633
1997-05-05,7.124934,7.124934,6.749955,7.124934,114300,0.548054
1997-05-02,6.749955,6.999979,6.749955,6.749955,107600,0.519211
1997-05-01,6.437511,6.749955,6.437511,6.749955,109500,0.519211
1997-04-30,6.124954,6.500046,6.124954,6.500046,97400,0.499988
1997-04-29,5.937465,6.124954,5.749975,6.124954,161300,0.471135
1997-04-28,6.374977,6.437511,5.749975,5.749975,282300,0.442292
1997-04-25,6.374977,6.562466,6.374977,6.374977,121500,0.490367
1997-04-24,6.374977,6.374977,6.374977,6.374977,000,0.490367
1997-04-23,6.625001,6.875024,6.250022,6.374977,136500,0.490367
1997-04-22,6.250022,6.625001,6.203093,6.625001,189600,0.509599
1997-04-21,6.999979,6.999979,6.124954,6.187488,607700,0.475945
1997-04-18,6.906235,6.906235,6.875024,6.875024,5000,0.528831
1997-04-17,7.124934,7.124934,6.875024,6.875024,275400,0.528831
1997-04-16,6.875024,6.875024,6.875024,6.875024,200,0.528831
1997-04-15,6.999979,6.999979,6.937445,6.937445,45500,0.533633
1997-04-14,7.124934,7.187469,6.999979,6.999979,81900,0.538443
1997-04-11,6.999979,7.124934,6.999979,7.124934,79200,0.548054
1997-04-10,6.999979,7.062514,6.81249,7.046795,180500,0.542044
1997-04-09,6.875024,7.624982,6.875024,7.062514,414500,0.543253
1997-04-08,6.625001,6.875024,6.625001,6.625001,31700,0.509599
1997-04-07,6.875024,6.875024,6.562466,6.687535,65700,0.514409
1997-04-04,6.875024,6.937445,6.500046,6.81249,36600,0.524021
1997-04-03,6.625001,6.875024,6.625001,6.875024,33800,0.528831
1997-04-02,6.937445,6.937445,6.625001,6.687535,237200,0.514409
1997-04-01,6.625001,6.937445,6.625001,6.749955,52800,0.519211
1997-03-31,6.625001,6.999979,6.625001,6.937445,21200,0.533633
1997-03-27,6.937445,6.999979,6.749955,6.749955,68100,0.519211
1997-03-26,6.999979,6.999979,6.999979,6.999979,68100,0.538443
1997-03-25,7.062514,7.062514,7.062514,7.062514,27200,0.543253
1997-03-24,7.250003,7.312423,6.999979,7.312423,146000,0.562476
1997-03-21,7.124934,7.374958,7.124934,7.312423,245900,0.562476
1997-03-20,7.124934,7.374958,7.124934,7.124934,93200,0.548054
1997-03-19,7.124934,7.374958,6.999979,7.062514,239000,0.543253
1997-03-18,7.250003,7.374958,7.250003,7.250003,273300,0.557675
1997-03-17,7.499913,7.562447,7.250003,7.250003,175100,0.557675
1997-03-14,7.374958,7.624982,7.374958,7.562447,214700,0.581708
1997-03-13,7.312423,7.499913,7.124934,7.250003,141800,0.557675
1997-03-12,7.250003,7.374958,7.250003,7.374958,98600,0.567286
1997-03-11,7.124934,7.250003,7.124934,7.187469,235100,0.552864
1997-03-10,7.374958,7.374958,7.124934,7.250003,268700,0.557675
1997-03-07,7.499913,7.734331,7.124934,7.187469,769700,0.552864
1997-03-06,7.124934,7.624982,7.124934,7.374958,492000,0.567286
1997-03-05,6.937445,7.187469,6.937445,7.124934,353700,0.548054
1997-03-04,6.875024,6.999979,6.81249,6.875024,213900,0.528831
1997-03-03,6.81249,6.937445,6.81249,6.81249,57600,0.524021
1997-02-28,6.749955,6.937445,6.625001,6.937445,200400,0.533633
1997-02-27,6.500046,6.749955,6.250022,6.500046,168300,0.499988
1997-02-26,5.999999,6.374977,5.87493,6.250022,505500,0.480756
1997-02-25,5.749975,5.999999,5.749975,5.749975,38400,0.442292
1997-02-24,5.999999,5.999999,5.937465,5.937465,27200,0.456713
1997-02-21,5.81251,5.87493,5.749975,5.87493,196400,0.451903
1997-02-20,5.81251,5.81251,5.62502,5.81251,144000,0.447102
1997-02-19,5.87493,5.999999,5.62502,5.62502,239900,0.43268
1997-02-18,6.124954,6.124954,5.87493,5.87493,47400,0.451903
1997-02-14,6.250022,6.250022,5.999999,5.999999,368700,0.461524
1997-02-13,5.999999,6.250022,5.999999,6.124954,63600,0.471135
1997-02-12,6.124954,6.374977,5.999999,5.999999,273300,0.461524
1997-02-11,5.999999,5.999999,5.749975,5.999999,241800,0.461524
1997-02-10,6.124954,6.250022,5.999999,5.999999,112200,0.461524
1997-02-07,6.250022,6.312556,6.124954,6.124954,185100,0.471135
1997-02-06,6.374977,6.500046,6.374977,6.374977,70200,0.490367
1997-02-05,6.374977,6.687535,6.374977,6.500046,94100,0.499988
1997-02-04,6.374977,6.625001,6.374977,6.625001,23100,0.509599
1997-02-03,6.749955,6.749955,6.374977,6.749955,27600,0.519211
1997-01-31,6.500046,6.625001,6.374977,6.500046,18200,0.499988
1997-01-30,6.625001,6.875024,6.500046,6.500046,367400,0.499988
1997-01-29,6.937445,6.937445,6.625001,6.625001,45900,0.509599
1997-01-28,6.500046,6.937445,6.500046,6.937445,66800,0.533633
1997-01-27,6.500046,6.687535,6.500046,6.687535,20300,0.514409
1997-01-24,6.81249,6.875024,6.625001,6.749955,47400,0.519211
1997-01-23,6.999979,6.999979,6.81249,6.81249,155300,0.524021
1997-01-22,6.749955,6.937445,6.625001,6.937445,94100,0.533633
1997-01-21,6.749955,6.749955,6.625001,6.687535,91400,0.514409
1997-01-20,6.437511,6.749955,6.374977,6.562466,266100,0.504789
1997-01-17,6.124954,6.437511,5.937465,6.250022,226100,0.480756
1997-01-16,5.87493,6.250022,5.87493,5.999999,435600,0.461524
1997-01-15,6.437511,6.625001,5.999999,6.124954,464600,0.471135
1997-01-14,7.624982,7.624982,6.374977,6.500046,1979300,0.499988
1997-01-13,5.62502,7.99996,5.499951,7.624982,2961900,0.586518
1997-01-10,5.000018,5.499951,5.000018,5.374996,209400,0.413448
1997-01-09,5.312462,5.312462,5.000018,5.312462,333000,0.408638
1997-01-08,4.875063,5.250041,4.812415,5.250041,228200,0.403836
1997-01-07,4.812415,4.875063,4.749994,4.875063,50600,0.374993
1997-01-06,4.875063,4.875063,4.749994,4.812415,15500,0.370174
1997-01-03,4.749994,4.749994,4.749994,4.749994,200,0.365372
1997-01-02,4.749994,4.875063,4.749994,4.749994,83900,0.365372
1996-12-31,4.749994,5.000018,4.749994,4.875063,269300,0.374993
1996-12-30,4.875063,5.000018,4.749994,5.000018,264600,0.384604
1996-12-27,5.000018,5.124973,4.875063,4.875063,206700,0.374993
1996-12-26,5.000018,5.062552,5.000018,5.000018,97400,0.384604
1996-12-24,5.000018,5.000018,5.000018,5.000018,22500,0.384604
1996-12-23,5.000018,5.250041,5.000018,5.124973,399200,0.394216
1996-12-20,4.937484,5.000018,4.812415,5.000018,236900,0.384604
1996-12-19,4.749994,4.875063,4.624925,4.875063,861500,0.374993
1996-12-18,4.749994,4.812415,4.624925,4.624925,362700,0.355752
1996-12-17,4.624925,4.875063,4.624925,4.624925,159900,0.355752
1996-12-16,4.875063,4.875063,4.749994,4.812415,30300,0.370174
1996-12-13,4.749994,4.875063,4.749994,4.749994,22500,0.365372
1996-12-12,4.875063,5.000018,4.749994,4.875063,251100,0.374993
1996-12-11,4.749994,5.000018,4.624925,4.749994,188600,0.365372
1996-12-10,4.749994,4.875063,4.749994,4.875063,136500,0.374993
1996-12-09,4.875063,5.000018,4.749994,4.749994,118800,0.365372
1996-12-06,4.875063,5.000018,4.875063,5.000018,42800,0.384604
1996-12-05,5.000018,5.124973,5.000018,5.000018,176100,0.384604
1996-12-04,4.624925,4.875063,4.624925,4.875063,70200,0.374993
1996-12-03,5.124973,5.124973,4.749994,4.749994,255200,0.365372
1996-12-02,5.124973,5.124973,5.000018,5.000018,77100,0.384604
1996-11-29,5.374996,5.374996,5.250041,5.250041,11000,0.403836
1996-11-27,5.124973,5.374996,5.124973,5.124973,56700,0.394216
1996-11-26,5.281252,5.281252,5.124973,5.250041,291800,0.403836
1996-11-25,5.250041,5.499951,5.250041,5.250041,270600,0.403836
1996-11-22,5.250041,5.250041,5.250041,5.250041,9000,0.403836
1996-11-21,5.250041,5.374996,5.250041,5.250041,112200,0.403836
1996-11-20,5.250041,5.499951,5.250041,5.499951,48600,0.42306
1996-11-19,5.250041,5.374996,5.124973,5.124973,137000,0.394216
1996-11-18,5.000018,5.250041,5.000018,5.250041,77900,0.403836
1996-11-15,5.124973,5.250041,5.000018,5.250041,132500,0.403836
1996-11-14,5.000018,5.124973,5.000018,5.000018,116700,0.384604
1996-11-13,5.000018,5.187507,5.000018,5.000018,27600,0.384604
1996-11-12,5.250041,5.250041,5.000018,5.124973,56700,0.394216
1996-11-11,4.937484,5.250041,4.875063,5.124973,86400,0.394216
1996-11-08,4.875063,5.124973,4.875063,5.124973,251100,0.394216
1996-11-07,4.875063,5.250041,4.875063,4.875063,45500,0.374993
1996-11-06,4.875063,5.250041,4.875063,5.000018,82400,0.384604
1996-11-05,5.250041,5.250041,4.875063,5.250041,66800,0.403836
1996-11-04,5.124973,5.374996,5.000018,5.124973,85100,0.394216
1996-11-01,5.124973,5.250041,5.124973,5.250041,12200,0.403836
1996-10-31,5.124973,5.250041,5.124973,5.124973,86400,0.394216
1996-10-30,5.250041,5.499951,5.124973,5.374996,95400,0.413448
1996-10-29,5.250041,5.374996,5.250041,5.374996,48600,0.413448
1996-10-28,5.374996,5.374996,5.250041,5.250041,9000,0.403836
1996-10-25,5.499951,5.749975,5.374996,5.374996,492300,0.413448
1996-10-24,5.499951,5.499951,5.250041,5.374996,111300,0.413448
1996-10-23,5.250041,5.499951,5.250041,5.250041,188600,0.403836
1996-10-22,5.499951,5.499951,5.250041,5.250041,66800,0.403836
1996-10-21,5.499951,5.499951,5.250041,5.499951,120300,0.42306
1996-10-18,5.250041,5.499951,5.250041,5.250041,288900,0.403836
1996-10-17,5.374996,5.499951,5.250041,5.499951,77900,0.42306
1996-10-16,5.499951,5.499951,4.875063,5.374996,341600,0.413448
1996-10-15,5.499951,5.62502,5.374996,5.374996,187200,0.413448
1996-10-14,5.62502,5.62502,5.499951,5.499951,27600,0.42306
1996-10-11,5.499951,5.62502,5.499951,5.499951,21200,0.42306
1996-10-10,5.562486,5.87493,5.499951,5.87493,48600,0.451903
1996-10-09,5.62502,5.87493,5.62502,5.87493,105300,0.451903
1996-10-08,5.87493,5.87493,5.62502,5.62502,116700,0.43268
1996-10-07,5.499951,5.81251,5.499951,5.749975,85100,0.442292
1996-10-04,5.499951,5.87493,5.499951,5.62502,63600,0.43268
1996-10-03,5.62502,5.87493,5.62502,5.87493,105300,0.451903
1996-10-02,5.999999,5.999999,5.62502,5.62502,50600,0.43268
1996-10-01,5.62502,5.999999,5.62502,5.749975,25700,0.442292
1996-09-30,5.562486,5.749975,5.562486,5.62502,450900,0.43268
1996-09-27,5.749975,5.749975,5.562486,5.562486,344400,0.42787
1996-09-26,5.562486,5.749975,5.562486,5.749975,173000,0.442292
1996-09-25,5.250041,5.749975,5.250041,5.749975,413100,0.442292
1996-09-24,5.250041,5.499951,5.250041,5.499951,83900,0.42306
1996-09-23,5.250041,5.499951,5.250041,5.250041,34700,0.403836
1996-09-20,5.250041,5.250041,5.250041,5.250041,7400,0.403836
1996-09-19,5.499951,5.499951,5.250041,5.250041,29300,0.403836
1996-09-18,5.250041,5.499951,5.250041,5.499951,148700,0.42306
1996-09-17,5.62502,5.62502,5.250041,5.499951,33800,0.42306
1996-09-16,5.124973,5.250041,5.124973,5.250041,12200,0.403836
1996-09-13,5.124973,5.62502,5.124973,5.124973,18500,0.394216
1996-09-12,5.62502,5.62502,5.62502,5.62502,200,0.43268
1996-09-11,5.374996,5.562486,5.250041,5.562486,175100,0.42787
1996-09-10,5.374996,5.374996,5.250041,5.374996,311900,0.413448
1996-09-09,5.124973,5.437531,5.124973,5.374996,80300,0.413448
1996-09-06,5.374996,5.374996,5.124973,5.124973,154800,0.394216
1996-09-05,5.124973,5.374996,5.124973,5.374996,96000,0.413448
1996-09-04,5.250041,5.250041,5.250041,5.250041,5000,0.403836
1996-09-03,5.250041,5.499951,5.250041,5.250041,14100,0.403836
1996-08-30,5.250041,5.374996,5.250041,5.374996,25700,0.413448
1996-08-29,5.250041,5.250041,5.250041,5.250041,7400,0.403836
1996-08-28,5.250041,5.499951,5.250041,5.250041,21200,0.403836
1996-08-27,5.437531,5.499951,5.250041,5.250041,71100,0.403836
1996-08-26,5.437531,5.437531,5.000018,5.187507,42800,0.399026
1996-08-23,5.000018,5.000018,5.000018,5.000018,000,0.384604
1996-08-22,5.437531,5.499951,5.000018,5.000018,25700,0.384604
1996-08-21,5.250041,5.62502,5.000018,5.499951,60900,0.42306
1996-08-20,5.62502,5.62502,5.250041,5.250041,4200,0.403836
1996-08-19,5.62502,5.749975,5.250041,5.250041,193200,0.403836
1996-08-16,5.124973,5.250041,5.000018,5.250041,403800,0.403836
1996-08-15,4.749994,5.124973,4.749994,5.124973,20300,0.394216
1996-08-14,4.749994,5.124973,4.749994,5.000018,93200,0.384604
1996-08-13,5.250041,5.250041,4.875063,5.000018,228200,0.384604
1996-08-12,5.250041,5.250041,4.875063,4.875063,22500,0.374993
1996-08-09,4.875063,5.250041,4.875063,5.250041,32400,0.403836
1996-08-08,4.875063,4.875063,4.875063,4.875063,5000,0.374993
1996-08-07,5.000018,5.000018,5.000018,5.000018,2000,0.384604
1996-08-06,4.749994,4.812415,4.749994,4.812415,16400,0.370174
1996-08-05,5.000018,5.000018,4.749994,4.749994,11000,0.365372
1996-08-02,4.749994,5.124973,4.749994,5.124973,25700,0.394216
1996-08-01,4.749994,5.250041,4.749994,5.250041,9000,0.403836
1996-07-31,4.499971,5.374996,4.499971,5.374996,206700,0.413448
1996-07-30,4.249947,4.875063,4.249947,4.749994,340200,0.365372
1996-07-29,5.000018,5.000018,4.749994,4.749994,115700,0.365372
1996-07-26,5.374996,5.374996,4.624925,5.000018,138600,0.384604
1996-07-25,4.749994,5.499951,4.749994,4.749994,246300,0.365372
1996-07-24,4.749994,5.000018,4.749994,4.749994,27600,0.365372
1996-07-23,4.749994,5.374996,4.749994,5.000018,45900,0.384604
1996-07-22,5.000018,5.62502,4.749994,5.250041,202500,0.403836
1996-07-19,5.62502,5.62502,5.000018,5.000018,29300,0.384604
1996-07-18,5.000018,5.000018,5.000018,5.000018,24500,0.384604
1996-07-17,5.499951,5.749975,5.000018,5.000018,91100,0.384604
1996-07-16,5.374996,5.87493,5.000018,5.124973,156800,0.394216
1996-07-15,5.749975,5.87493,5.374996,5.499951,112200,0.42306
1996-07-12,5.749975,5.749975,5.749975,5.749975,7400,0.442292
1996-07-11,5.749975,5.87493,5.749975,5.87493,31700,0.451903
1996-07-10,6.374977,6.374977,5.87493,5.999999,34700,0.461524
1996-07-09,5.999999,6.374977,5.749975,6.374977,216900,0.490367
1996-07-08,5.999999,5.999999,5.749975,5.999999,66800,0.461524
1996-07-05,5.87493,5.999999,5.374996,5.999999,139700,0.461524
1996-07-03,5.499951,5.87493,5.499951,5.62502,50600,0.43268
1996-07-02,5.999999,5.999999,5.499951,5.499951,75800,0.42306
1996-07-01,5.374996,5.374996,5.374996,5.374996,5000,0.413448
1996-06-28,5.749975,5.749975,5.250041,5.250041,227700,0.403836
1996-06-27,5.62502,5.62502,5.62502,5.62502,11000,0.43268
1996-06-26,5.999999,5.999999,5.62502,5.749975,65700,0.442292
1996-06-25,5.999999,5.999999,5.499951,5.62502,159900,0.43268
1996-06-24,5.250041,5.999999,5.000018,5.999999,186500,0.461524
1996-06-21,5.093762,5.250041,5.000018,5.124973,143100,0.394216
1996-06-20,4.749994,5.124973,4.749994,5.000018,211500,0.384604
1996-06-19,4.624925,5.000018,4.624925,5.000018,30300,0.384604
1996-06-18,5.000018,5.000018,4.624925,4.624925,20300,0.355752
1996-06-17,4.624925,4.624925,4.624925,4.624925,2900,0.355752
1996-06-14,5.000018,5.000018,4.624925,4.875063,62100,0.374993
1996-06-13,4.624925,4.624925,4.624925,4.624925,2900,0.355752
1996-06-12,4.624925,4.875063,4.624925,4.624925,5000,0.355752
1996-06-11,4.624925,4.875063,4.624925,4.875063,218700,0.374993
1996-06-10,4.875063,4.875063,4.499971,4.624925,373500,0.355752
1996-06-07,4.375016,4.875063,4.375016,4.624925,73100,0.355752
1996-06-06,4.499971,4.624925,4.499971,4.624925,9000,0.355752
1996-06-05,4.624925,4.812415,4.624925,4.812415,122900,0.370174
1996-06-04,4.499971,4.624925,4.499971,4.624925,20300,0.355752
1996-06-03,4.499971,4.624925,4.499971,4.624925,36500,0.355752
1996-05-31,4.875063,4.875063,4.499971,4.499971,81900,0.34614
1996-05-30,4.375016,4.875063,4.375016,4.875063,184200,0.374993
1996-05-29,4.624925,4.875063,4.375016,4.499971,378000,0.34614
1996-05-28,4.875063,4.875063,4.375016,4.375016,2900,0.336529
1996-05-24,4.375016,4.875063,4.375016,4.749994,148700,0.365372
1996-05-23,4.499971,4.749994,4.375016,4.375016,65700,0.336529
1996-05-22,4.68746,4.68746,4.499971,4.499971,57600,0.34614
1996-05-21,4.749994,4.749994,4.499971,4.499971,111300,0.34614
1996-05-20,4.499971,4.875063,4.499971,4.499971,42800,0.34614
1996-05-17,4.499971,4.875063,4.499971,4.624925,64100,0.355752
1996-05-16,4.375016,4.875063,4.375016,4.875063,153200,0.374993
1996-05-15,4.499971,5.000018,4.499971,4.624925,235100,0.355752
1996-05-14,4.749994,5.000018,4.499971,5.000018,167000,0.384604
1996-05-13,4.499971,5.000018,4.499971,4.624925,41400,0.355752
1996-05-10,5.124973,5.124973,4.499971,4.499971,191700,0.34614
1996-05-09,5.124973,5.124973,4.499971,5.124973,50000,0.394216
1996-05-08,4.624925,5.124973,4.624925,4.875063,59000,0.374993
1996-05-07,5.124973,5.124973,4.624925,5.000018,36600,0.384604
1996-05-06,5.124973,5.124973,4.749994,5.000018,42800,0.384604
1996-05-03,4.875063,5.000018,4.624925,5.000018,94100,0.384604
1996-05-02,4.375016,4.875063,4.375016,4.875063,45900,0.374993
1996-05-01,4.624925,4.624925,4.375016,4.499971,150000,0.34614
1996-04-30,4.624925,4.624925,4.375016,4.375016,81900,0.336529
1996-04-29,4.499971,4.749994,4.375016,4.624925,182400,0.355752
1996-04-26,4.499971,4.749994,4.375016,4.499971,107600,0.34614
1996-04-25,4.499971,4.875063,4.499971,4.499971,234200,0.34614
1996-04-24,4.499971,4.624925,4.499971,4.624925,15500,0.355752
1996-04-23,4.499971,4.749994,4.499971,4.499971,66800,0.34614
1996-04-22,5.000018,5.000018,4.499971,4.749994,218700,0.365372
1996-04-19,4.499971,4.875063,4.499971,4.624925,51900,0.355752
1996-04-18,5.000018,5.000018,4.499971,4.499971,13500,0.34614
1996-04-17,5.000018,5.000018,4.375016,4.749994,9000,0.365372
1996-04-16,4.375016,4.749994,4.375016,4.749994,22500,0.365372
1996-04-15,4.375016,5.124973,4.375016,4.499971,40700,0.34614
1996-04-12,4.375016,4.375016,4.375016,4.375016,5000,0.336529
1996-04-11,4.499971,5.124973,4.499971,4.624925,20300,0.355752
1996-04-10,4.499971,4.749994,4.499971,4.624925,6300,0.355752
1996-04-09,4.499971,4.749994,4.499971,4.749994,13500,0.365372
1996-04-08,5.124973,5.124973,4.499971,4.875063,29300,0.374993
1996-04-04,4.749994,5.062552,4.749994,5.062552,30300,0.389415
1996-04-03,5.124973,5.124973,4.749994,4.749994,7400,0.365372
1996-04-02,4.749994,5.000018,4.749994,5.000018,29300,0.384604
1996-04-01,4.749994,4.749994,4.749994,4.749994,5000,0.365372
1996-03-29,5.000018,5.000018,4.749994,4.749994,264600,0.365372
1996-03-28,5.250041,5.250041,4.749994,5.250041,18500,0.403836
1996-03-27,4.499971,5.250041,4.499971,4.875063,102200,0.374993
1996-03-26,4.875063,5.250041,4.749994,5.124973,475800,0.394216
1996-03-25,5.000018,5.250041,4.499971,4.875063,59600,0.374993
1996-03-22,4.875063,5.250041,4.624925,5.250041,111300,0.403836
1996-03-21,4.875063,5.000018,4.875063,5.000018,57600,0.384604
1996-03-20,4.875063,4.875063,4.875063,4.875063,000,0.374993
1996-03-19,5.250041,5.250041,4.875063,4.875063,4200,0.374993
1996-03-18,5.374996,5.374996,4.875063,5.062552,42800,0.389415
1996-03-15,5.000018,5.000018,4.875063,5.000018,11000,0.384604
1996-03-14,5.124973,5.374996,4.875063,5.000018,79200,0.384604
1996-03-13,5.124973,5.499951,5.124973,5.374996,48600,0.413448
1996-03-12,5.250041,5.499951,5.124973,5.124973,62100,0.394216
1996-03-11,5.250041,5.374996,4.875063,5.374996,202500,0.413448
1996-03-08,5.250041,5.250041,4.875063,5.000018,57600,0.384604
1996-03-07,5.250041,5.499951,5.250041,5.499951,7400,0.42306
1996-03-06,5.499951,5.499951,5.250041,5.250041,77900,0.403836
1996-03-05,5.250041,5.499951,5.124973,5.250041,145800,0.403836
1996-03-04,5.499951,5.62502,5.250041,5.250041,286800,0.403836
1996-03-01,5.562486,5.62502,5.250041,5.250041,60900,0.403836
1996-02-29,5.312462,5.749975,5.250041,5.749975,65700,0.442292
1996-02-28,5.187507,5.312462,5.187507,5.312462,25700,0.408638
1996-02-27,5.437531,5.437531,5.250041,5.250041,70200,0.403836
1996-02-26,5.250041,5.87493,5.124973,5.87493,103200,0.451903
1996-02-23,4.875063,5.250041,4.875063,5.124973,95400,0.394216
1996-02-22,4.875063,5.250041,4.875063,5.124973,103200,0.394216
1996-02-21,5.000018,5.250041,4.937484,4.937484,271500,0.379794
1996-02-20,5.250041,5.250041,4.624925,5.000018,148700,0.384604
1996-02-16,5.124973,5.250041,5.124973,5.124973,59600,0.394216
1996-02-15,4.624925,5.499951,4.624925,5.124973,191300,0.394216
1996-02-14,5.250041,5.250041,4.624925,4.624925,42800,0.355752
1996-02-13,5.87493,5.87493,5.250041,5.250041,137000,0.403836
1996-02-12,5.87493,5.87493,5.87493,5.87493,25700,0.451903
1996-02-09,6.250022,6.250022,5.87493,5.87493,73100,0.451903
1996-02-08,5.87493,5.937465,5.87493,5.87493,34700,0.451903
1996-02-07,5.87493,5.999999,5.87493,5.999999,4200,0.461524
1996-02-06,6.250022,6.250022,5.87493,5.87493,56700,0.451903
1996-02-05,5.87493,6.250022,5.87493,6.250022,89300,0.480756
1996-02-02,5.749975,6.374977,5.749975,6.124954,97400,0.471135
1996-02-01,5.87493,5.999999,5.749975,5.749975,124800,0.442292
1996-01-31,5.374996,5.87493,5.374996,5.374996,63600,0.413448
1996-01-30,5.374996,5.749975,5.374996,5.374996,9500,0.413448
1996-01-29,5.374996,5.87493,5.374996,5.374996,29300,0.413448
1996-01-26,5.374996,5.87493,5.374996,5.499951,118400,0.42306
1996-01-25,5.87493,5.87493,5.62502,5.62502,123500,0.43268
1996-01-24,5.87493,5.87493,5.87493,5.87493,7400,0.451903
1996-01-23,5.62502,5.87493,5.62502,5.62502,59000,0.43268
1996-01-22,5.62502,5.87493,5.62502,5.749975,50000,0.442292
1996-01-19,5.62502,5.87493,5.62502,5.62502,36500,0.43268
1996-01-18,5.87493,6.124954,5.87493,5.999999,6300,0.461524
1996-01-17,5.62502,5.999999,5.62502,5.87493,86400,0.451903
1996-01-16,5.62502,6.124954,5.62502,6.124954,31700,0.471135
1996-01-15,5.62502,5.62502,5.62502,5.62502,18200,0.43268
1996-01-12,5.62502,5.749975,5.62502,5.62502,27200,0.43268
1996-01-11,5.749975,6.374977,5.749975,5.749975,27200,0.442292
1996-01-10,6.374977,6.374977,5.749975,5.749975,54600,0.442292
1996-01-09,5.999999,6.374977,5.999999,5.999999,87000,0.461524
1996-01-08,5.999999,5.999999,5.999999,5.999999,9500,0.461524
1996-01-05,5.999999,6.250022,5.749975,5.999999,155300,0.461524
1996-01-04,5.999999,5.999999,5.62502,5.749975,48600,0.442292
1996-01-03,5.999999,5.999999,5.999999,5.999999,7400,0.461524
1996-01-02,5.62502,5.999999,5.62502,5.87493,20300,0.451903
1995-12-29,5.250041,5.999999,5.250041,5.749975,164000,0.442292
1995-12-28,5.124973,5.62502,4.875063,5.62502,463100,0.43268
1995-12-27,5.499951,5.62502,5.000018,5.124973,305700,0.394216
1995-12-26,5.499951,5.87493,5.499951,5.499951,145800,0.42306
1995-12-22,5.374996,5.749975,5.374996,5.499951,439400,0.42306
1995-12-21,5.374996,5.749975,5.374996,5.374996,182400,0.413448
1995-12-20,5.62502,5.749975,5.374996,5.374996,60900,0.413448
1995-12-19,5.81251,5.999999,5.62502,5.62502,103200,0.43268
1995-12-18,6.250022,6.312556,5.749975,5.749975,519300,0.442292
1995-12-15,6.250022,6.250022,6.250022,6.250022,97400,0.480756
1995-12-14,6.250022,6.250022,6.250022,6.250022,60900,0.480756
1995-12-13,6.374977,6.437511,6.250022,6.312556,425400,0.485566
1995-12-12,6.374977,6.625001,6.374977,6.374977,200400,0.490367
1995-12-11,6.625001,6.625001,6.374977,6.374977,121500,0.490367
1995-12-08,6.374977,6.625001,6.374977,6.374977,122900,0.490367
1995-12-07,6.374977,6.625001,6.374977,6.625001,50000,0.509599
1995-12-06,6.625001,6.625001,6.250022,6.374977,77900,0.490367
1995-12-05,6.374977,6.625001,6.250022,6.625001,79200,0.509599
1995-12-04,6.374977,6.500046,6.374977,6.500046,62100,0.499988
1995-12-01,6.374977,6.749955,6.374977,6.749955,54600,0.519211
1995-11-30,6.999979,6.999979,6.374977,6.374977,41400,0.490367
1995-11-29,5.999999,6.999979,5.999999,6.749955,209900,0.519211
1995-11-28,5.999999,6.500046,5.87493,5.999999,144000,0.461524
1995-11-27,6.500046,6.500046,6.124954,6.124954,232800,0.471135
1995-11-24,6.124954,6.124954,6.124954,6.124954,2900,0.471135
1995-11-22,5.87493,6.250022,5.87493,5.999999,73100,0.461524
1995-11-21,5.749975,6.124954,5.749975,5.999999,64100,0.461524
1995-11-20,5.749975,5.999999,5.749975,5.999999,18500,0.461524
1995-11-17,6.124954,6.124954,5.749975,5.749975,41400,0.442292
1995-11-16,5.749975,6.124954,5.749975,5.999999,89300,0.461524
1995-11-15,5.749975,5.937465,5.62502,5.87493,114300,0.451903
1995-11-14,5.499951,5.87493,5.499951,5.87493,109400,0.451903
1995-11-13,5.374996,5.999999,5.374996,5.499951,131900,0.42306
1995-11-10,5.250041,5.749975,4.499971,5.749975,812900,0.442292
1995-11-09,5.250041,5.499951,5.250041,5.250041,103200,0.403836
1995-11-08,5.250041,5.499951,5.250041,5.250041,112200,0.403836
1995-11-07,5.250041,5.62502,5.250041,5.312462,360500,0.408638
1995-11-06,4.875063,5.250041,4.875063,5.000018,77900,0.384604
1995-11-03,4.875063,5.250041,4.875063,5.250041,232800,0.403836
1995-11-02,5.374996,5.374996,4.875063,5.000018,392100,0.384604
1995-11-01,5.374996,5.374996,5.124973,5.250041,127500,0.403836
1995-10-31,5.250041,5.374996,5.000018,5.250041,259400,0.403836
1995-10-30,5.250041,5.499951,5.250041,5.499951,124800,0.42306
1995-10-27,5.250041,5.499951,5.250041,5.374996,91400,0.413448
1995-10-26,5.374996,5.62502,5.250041,5.250041,361800,0.403836
1995-10-25,5.250041,5.749975,5.250041,5.374996,63600,0.413448
1995-10-24,5.124973,5.62502,5.124973,5.250041,346500,0.403836
1995-10-23,5.124973,5.374996,5.124973,5.124973,495000,0.394216
1995-10-20,5.499951,5.499951,5.124973,5.124973,316100,0.394216
1995-10-19,5.749975,5.749975,5.124973,5.499951,704700,0.42306
1995-10-18,5.87493,5.999999,5.749975,5.999999,147800,0.461524
1995-10-17,5.87493,6.124954,5.87493,5.87493,305100,0.451903
1995-10-16,5.87493,6.124954,5.749975,5.999999,672500,0.461524
1995-10-13,5.999999,5.999999,5.87493,5.87493,136500,0.451903
1995-10-12,6.124954,6.124954,5.87493,5.999999,198600,0.461524
1995-10-11,5.999999,6.124954,5.749975,5.749975,958700,0.442292
1995-10-10,6.500046,6.625001,5.62502,6.124954,416400,0.471135
1995-10-09,6.749955,6.749955,6.500046,6.500046,48600,0.499988
1995-10-06,6.374977,6.875024,6.374977,6.500046,214700,0.499988
1995-10-05,6.250022,6.500046,6.250022,6.374977,162200,0.490367
1995-10-04,6.500046,6.749955,6.250022,6.500046,207900,0.499988
1995-10-03,6.625001,6.999979,6.500046,6.500046,308000,0.499988
1995-10-02,6.625001,6.999979,6.625001,6.749955,248000,0.519211
1995-09-29,6.625001,6.749955,6.625001,6.625001,87000,0.509599
1995-09-28,6.875024,6.999979,6.625001,6.875024,202500,0.528831
1995-09-27,6.875024,7.124934,6.875024,6.875024,34700,0.528831
1995-09-26,7.250003,7.250003,6.875024,7.124934,16400,0.548054
1995-09-25,6.999979,7.124934,6.875024,6.875024,144000,0.528831
1995-09-22,6.999979,7.250003,6.999979,7.124934,182400,0.548054
1995-09-21,6.999979,7.250003,6.999979,7.250003,239000,0.557675
1995-09-20,7.124934,7.124934,6.875024,6.999979,783600,0.538443
1995-09-19,7.124934,7.124934,6.875024,6.999979,227700,0.538443
1995-09-18,6.500046,6.999979,6.500046,6.875024,1375800,0.528831
1995-09-15,6.500046,6.749955,6.500046,6.749955,143100,0.519211
1995-09-14,7.124934,7.124934,6.749955,6.875024,403800,0.528831
1995-09-13,6.999979,7.124934,6.999979,7.062514,309800,0.543253
1995-09-12,7.250003,7.250003,6.999979,6.999979,330900,0.538443
1995-09-11,7.374958,7.374958,6.999979,7.250003,228200,0.557675
1995-09-08,7.374958,7.374958,7.124934,7.124934,115700,0.548054
1995-09-07,7.374958,7.374958,7.124934,7.187469,786600,0.552864
1995-09-06,7.124934,7.374958,7.124934,7.124934,68900,0.548054
1995-09-05,7.124934,7.250003,7.124934,7.124934,54900,0.548054
1995-09-01,7.124934,7.374958,7.124934,7.124934,171500,0.548054
1995-08-31,7.124934,7.374958,7.124934,7.187469,262500,0.552864
1995-08-30,7.499913,7.499913,7.250003,7.250003,129600,0.557675
1995-08-29,7.624982,7.624982,7.250003,7.250003,262500,0.557675
1995-08-28,7.374958,7.624982,7.374958,7.499913,196400,0.576898
1995-08-25,7.374958,7.499913,7.374958,7.499913,40700,0.576898
1995-08-24,7.499913,7.499913,7.374958,7.499913,115700,0.576898
1995-08-23,7.374958,7.624982,7.374958,7.437492,168300,0.572096
1995-08-22,7.374958,7.624982,7.374958,7.624982,115700,0.586518
1995-08-21,7.499913,7.624982,7.499913,7.499913,241800,0.576898
1995-08-18,7.75005,7.75005,7.499913,7.75005,105300,0.596139
1995-08-17,7.499913,7.75005,7.499913,7.499913,65700,0.576898
1995-08-16,7.499913,7.75005,7.499913,7.499913,50600,0.576898
1995-08-15,7.75005,7.75005,7.374958,7.499913,369500,0.576898
1995-08-14,7.250003,7.75005,7.250003,7.75005,394800,0.596139
1995-08-11,7.250003,7.624982,7.250003,7.499913,54600,0.576898
1995-08-10,7.250003,7.250003,7.250003,7.250003,2000,0.557675
1995-08-09,7.624982,7.624982,7.250003,7.624982,48600,0.586518
1995-08-08,7.624982,7.624982,7.250003,7.374958,200700,0.567286
1995-08-07,7.250003,7.624982,7.250003,7.250003,50600,0.557675
1995-08-04,7.624982,7.624982,7.250003,7.374958,34700,0.567286
1995-08-03,7.499913,7.499913,7.124934,7.499913,39300,0.576898
1995-08-02,7.374958,7.624982,7.250003,7.499913,237200,0.576898
1995-08-01,7.374958,7.624982,7.374958,7.624982,43800,0.586518
1995-07-31,7.374958,7.75005,7.374958,7.499913,289800,0.576898
1995-07-28,7.499913,7.75005,7.499913,7.499913,50600,0.576898
1995-07-27,7.75005,7.75005,7.499913,7.499913,337100,0.576898
1995-07-26,7.624982,7.75005,7.374958,7.75005,308000,0.596139
1995-07-25,7.499913,7.499913,7.250003,7.499913,150800,0.576898
1995-07-24,7.499913,7.499913,7.250003,7.499913,133800,0.576898
1995-07-21,7.124934,7.499913,7.124934,7.374958,72900,0.567286
1995-07-20,6.999979,7.374958,6.999979,7.124934,407300,0.548054
1995-07-19,7.250003,7.499913,6.999979,7.250003,537900,0.557675
1995-07-18,7.499913,7.499913,7.374958,7.374958,463100,0.567286
1995-07-17,7.374958,7.499913,7.374958,7.499913,503100,0.576898
1995-07-14,7.250003,7.499913,7.250003,7.374958,228200,0.567286
1995-07-13,7.374958,7.374958,7.124934,7.374958,227700,0.567286
1995-07-12,7.250003,7.374958,7.124934,7.374958,326300,0.567286
1995-07-11,7.374958,7.499913,7.250003,7.374958,178200,0.567286
1995-07-10,7.250003,7.499913,7.250003,7.499913,236900,0.576898
1995-07-07,6.999979,7.374958,6.999979,7.374958,341600,0.567286
1995-07-06,7.374958,7.374958,6.999979,7.250003,182400,0.557675
1995-07-05,7.250003,7.499913,6.999979,7.124934,335400,0.548054
1995-07-03,7.124934,7.124934,6.875024,6.999979,186500,0.538443
1995-06-30,7.124934,7.124934,6.875024,7.124934,102200,0.548054
1995-06-29,6.875024,7.124934,6.875024,7.124934,253400,0.548054
1995-06-28,6.999979,7.124934,6.999979,7.062514,385700,0.543253
1995-06-27,7.124934,7.250003,6.999979,6.999979,175100,0.538443
1995-06-26,7.124934,7.124934,6.999979,7.124934,216900,0.548054
1995-06-23,7.124934,7.250003,6.999979,7.062514,428600,0.543253
1995-06-22,7.124934,7.124934,6.749955,6.999979,155300,0.538443
1995-06-21,7.124934,7.124934,6.749955,6.749955,594200,0.519211
1995-06-20,6.999979,7.124934,6.749955,7.124934,729000,0.548054
1995-06-19,7.124934,7.374958,7.124934,7.374958,478800,0.567286
1995-06-16,7.374958,7.374958,7.124934,7.250003,189600,0.557675
1995-06-15,7.374958,7.374958,7.124934,7.374958,251100,0.567286
1995-06-14,7.250003,7.374958,7.124934,7.250003,337100,0.557675
1995-06-13,7.374958,7.374958,6.999979,7.250003,307100,0.557675
1995-06-12,6.999979,7.374958,6.999979,6.999979,185100,0.538443
1995-06-09,7.124934,7.499913,7.124934,7.124934,83900,0.548054
1995-06-08,7.562447,7.562447,6.999979,7.124934,631800,0.548054
1995-06-07,7.374958,7.75005,7.374958,7.374958,59000,0.567286
1995-06-06,7.75005,7.75005,7.374958,7.374958,98600,0.567286
1995-06-05,7.75005,7.75005,7.499913,7.499913,154800,0.576898
1995-06-02,7.875005,7.875005,7.374958,7.75005,507600,0.596139
1995-06-01,7.99996,7.99996,7.624982,7.75005,137000,0.596139
1995-05-31,7.99996,7.99996,7.624982,7.624982,182300,0.586518
1995-05-30,7.99996,7.99996,7.75005,7.99996,36500,0.615362
1995-05-26,7.99996,7.99996,7.624982,7.875005,282800,0.60575
1995-05-25,8.249984,8.374939,7.875005,7.99996,188600,0.615362
1995-05-24,8.500008,8.500008,8.249984,8.374939,179600,0.644205
1995-05-23,8.374939,8.500008,8.125029,8.249984,216900,0.634594
1995-05-22,8.374939,8.374939,7.875005,7.99996,244400,0.615362
1995-05-19,7.875005,8.374939,7.875005,8.374939,144000,0.644205
1995-05-18,7.75005,8.500008,7.75005,8.374939,439400,0.644205
1995-05-17,7.75005,7.99996,7.75005,7.75005,73100,0.596139
1995-05-16,7.75005,7.99996,7.75005,7.75005,303800,0.596139
1995-05-15,8.374939,8.374939,7.99996,8.249984,100500,0.634594
1995-05-12,8.374939,8.374939,8.125029,8.125029,145800,0.624982
1995-05-11,8.749917,8.749917,8.125029,8.249984,268700,0.634594
1995-05-10,8.500008,8.874986,8.249984,8.749917,333000,0.673049
1995-05-09,8.500008,8.500008,8.125029,8.125029,130500,0.624982
1995-05-08,9.000055,9.000055,8.249984,8.249984,235100,0.634594
1995-05-05,9.000055,9.000055,8.624963,8.749917,36600,0.673049
1995-05-04,8.812452,9.000055,8.624963,9.000055,43800,0.69229
1995-05-03,8.812452,9.12501,8.812452,9.000055,51900,0.69229
1995-05-02,8.374939,9.000055,8.374939,9.000055,221600,0.69229
1995-05-01,8.874986,8.874986,8.374939,8.500008,435600,0.653826
1995-04-28,9.249965,9.499989,8.500008,8.624963,571200,0.663437
1995-04-27,8.374939,9.249965,7.99996,9.187544,1201100,0.706712
1995-04-26,6.999979,8.125029,6.999979,8.125029,2111400,0.624982
1995-04-25,8.249984,8.249984,6.875024,6.999979,2779200,0.538443
1995-04-24,8.374939,8.500008,7.99996,8.249984,560900,0.634594
1995-04-21,8.749917,8.749917,8.125029,8.125029,916200,0.624982
1995-04-20,8.500008,8.874986,8.500008,8.500008,452900,0.653826
1995-04-19,8.874986,9.000055,8.500008,8.874986,1318500,0.682669
1995-04-18,10.124991,10.124991,8.500008,9.000055,2929500,0.69229
1995-04-17,10.499969,10.499969,9.999922,9.999922,475800,0.7692
1995-04-13,9.874967,10.499969,9.624943,10.499969,1017900,0.807664
1995-04-12,9.999922,9.999922,9.624943,9.624943,207900,0.740357
1995-04-11,10.249946,10.375014,9.624943,9.999922,924800,0.7692
1995-04-10,10.499969,10.749993,10.124991,10.375014,439400,0.798052
1995-04-07,10.249946,10.499969,10.124991,10.499969,112200,0.807664
1995-04-06,10.874947,11.000016,10.249946,10.499969,630600,0.807664
1995-04-05,11.124971,11.374995,10.625038,10.874947,581400,0.836508
1995-04-04,11.374995,11.374995,11.124971,11.124971,102200,0.85574
1995-04-03,11.49995,11.749974,10.874947,11.249926,595400,0.865351
1995-03-31,11.49995,11.749974,11.49995,11.562484,14100,0.889393
1995-03-30,11.875042,11.875042,11.49995,11.624905,459900,0.894195
1995-03-29,11.249926,11.999998,11.249926,11.749974,721800,0.903815
1995-03-28,11.374995,11.49995,11.124971,11.249926,88400,0.865351
1995-03-27,11.749974,11.749974,11.000016,11.374995,307100,0.874972
1995-03-24,11.749974,12.25002,11.624905,11.624905,191700,0.894195
1995-03-23,12.124953,12.25002,11.875042,11.999998,202500,0.923047
1995-03-22,11.374995,11.999998,11.000016,11.624905,524400,0.894195
1995-03-21,11.624905,11.875042,11.124971,11.374995,204800,0.874972
1995-03-20,11.749974,11.875042,11.49995,11.624905,173000,0.894195
1995-03-17,12.124953,12.374977,11.374995,11.374995,205400,0.874972
1995-03-16,11.999998,12.374977,11.749974,12.374977,619700,0.951891
1995-03-15,12.124953,12.124953,11.624905,11.999998,72900,0.923047
1995-03-14,11.875042,12.124953,11.624905,12.124953,184200,0.932659
1995-03-13,12.124953,12.124953,11.624905,11.749974,299000,0.903815
1995-03-10,11.49995,12.124953,11.49995,11.999998,225000,0.923047
1995-03-09,11.624905,11.875042,11.249926,11.875042,340200,0.913435
1995-03-08,11.124971,11.49995,11.124971,11.49995,109400,0.884583
1995-03-07,11.49995,11.749974,10.499969,11.124971,864000,0.85574
1995-03-06,12.250038,12.625051,12.250038,12.312561,475800,0.860991
1995-03-03,12.625051,12.749973,12.250038,12.625051,175100,0.882842
1995-03-02,12.250038,12.500005,12.124991,12.500005,270600,0.874098
1995-03-01,12.500005,12.500005,12.250038,12.500005,122900,0.874098
1995-02-28,12.250038,12.500005,11.62493,12.500005,956700,0.874098
1995-02-27,12.00007,12.625051,12.00007,12.625051,785700,0.882842
1995-02-24,12.749973,12.749973,11.62493,12.500005,1287900,0.874098
1995-02-23,12.875019,12.875019,12.500005,12.625051,339000,0.882842
1995-02-22,12.749973,13.124987,12.500005,12.875019,348300,0.900322
1995-02-21,13.375079,13.375079,12.749973,12.749973,1046300,0.891578
1995-02-17,13.124987,13.625047,12.875019,13.375079,1236600,0.93529
1995-02-16,14.124982,14.625042,12.500005,12.875019,2497100,0.900322
1995-02-15,13.749968,14.625042,13.625047,14.062458,1473500,0.983357
1995-02-14,13.375079,13.749968,12.999939,13.749968,391700,0.961505
1995-02-13,13.375079,13.375079,12.999939,13.375079,79200,0.93529
1995-02-10,12.999939,13.375079,12.999939,13.375079,18200,0.93529
1995-02-09,12.999939,13.250033,12.999939,13.250033,54600,0.926546
1995-02-08,12.999939,12.999939,12.999939,12.999939,100100,0.909058
1995-02-07,13.625047,13.625047,12.999939,13.250033,390200,0.926546
1995-02-06,13.749968,14.250028,13.375079,13.625047,182400,0.95277
1995-02-03,13.375079,13.875014,13.250033,13.375079,481200,0.93529
1995-02-02,12.625051,13.500001,12.625051,13.500001,371900,0.944026
1995-02-01,12.500005,12.999939,12.124991,12.749973,375500,0.891578
1995-01-31,12.500005,12.500005,12.124991,12.500005,207900,0.874098
1995-01-30,12.500005,12.875019,12.250038,12.250038,106700,0.856619
1995-01-27,12.749973,12.875019,12.500005,12.500005,43800,0.874098
1995-01-26,12.875019,12.999939,12.250038,12.374958,394800,0.865354
1995-01-25,12.875019,13.250033,12.749973,12.999939,54600,0.909058
1995-01-24,12.999939,13.375079,12.999939,13.375079,5000,0.93529
1995-01-23,12.999939,13.375079,12.999939,13.375079,45900,0.93529
1995-01-20,13.375079,13.749968,13.250033,13.500001,235100,0.944026
1995-01-19,13.625047,13.625047,13.124987,13.500001,171500,0.944026
1995-01-18,14.250028,14.250028,13.749968,13.749968,173000,0.961505
1995-01-17,14.00006,14.124982,13.625047,13.749968,232800,0.961505
1995-01-16,14.374949,14.625042,13.749968,13.749968,341600,0.961505
1995-01-13,15.000056,15.000056,14.374949,14.374949,204800,1.005209
1995-01-12,14.374949,15.000056,14.00006,14.87501,822200,1.040177
1995-01-11,14.00006,14.312551,13.875014,14.250028,342200,0.996474
1995-01-10,14.00006,14.374949,13.875014,14.00006,318800,0.978994
1995-01-09,14.250028,14.374949,13.875014,14.00006,173000,0.978994
1995-01-06,13.875014,14.250028,13.500001,14.00006,225000,0.978994
1995-01-05,14.499996,14.499996,13.625047,13.625047,897900,0.95277
1995-01-04,13.250033,14.625042,13.124987,14.250028,2094000,0.996474
1995-01-03,12.625051,13.250033,12.625051,13.124987,246300,0.917802
1994-12-30,12.500005,12.875019,12.500005,12.875019,314700,0.900322
1994-12-29,12.875019,13.250033,12.500005,12.749973,282300,0.891578
1994-12-28,13.500001,13.749968,12.500005,12.875019,697500,0.900322
1994-12-27,13.250033,13.625047,12.999939,13.250033,519800,0.926546
1994-12-23,12.625051,13.500001,12.625051,13.375079,592200,0.93529
1994-12-22,12.999939,13.375079,12.625051,12.999939,1901700,0.909058
1994-12-21,12.00007,12.875019,11.749977,12.500005,497000,0.874098
1994-12-20,10.749981,12.500005,10.749981,12.00007,2097900,0.839139
1994-12-19,11.250042,11.500009,10.749981,10.749981,615600,0.751723
1994-12-16,11.875023,11.875023,11.250042,11.250042,534800,0.786691
1994-12-15,12.500005,12.500005,11.31244,11.749977,2382800,0.82165
1994-12-14,12.500005,12.500005,11.749977,12.00007,218900,0.839139
1994-12-13,12.875019,12.875019,12.124991,12.500005,121500,0.874098
1994-12-12,13.124987,13.124987,12.500005,12.500005,155300,0.874098
1994-12-09,12.625051,13.375079,12.500005,13.124987,644100,0.917802
1994-12-08,12.625051,12.749973,12.625051,12.625051,289800,0.882842
1994-12-07,12.500005,12.749973,12.500005,12.625051,293600,0.882842
1994-12-06,12.999939,12.999939,12.374958,12.749973,504200,0.891578
1994-12-05,13.124987,13.375079,12.999939,12.999939,241200,0.909058
1994-12-02,13.875014,13.875014,13.124987,13.31243,220700,0.930909
1994-12-01,14.00006,14.00006,13.500001,13.625047,130500,0.95277
1994-11-30,13.250033,14.00006,13.250033,14.00006,526700,0.978994
1994-11-29,12.749973,13.250033,12.749973,13.250033,159900,0.926546
1994-11-28,13.124987,13.124987,12.625051,12.625051,182300,0.882842
1994-11-25,13.250033,13.250033,13.250033,13.250033,12200,0.926546
1994-11-23,12.500005,13.250033,12.250038,13.18751,606300,0.922174
1994-11-22,12.999939,12.999939,12.625051,12.999939,444800,0.909058
1994-11-21,13.124987,13.375079,12.875019,12.999939,216000,0.909058
1994-11-18,13.124987,13.375079,13.124987,13.375079,80300,0.93529
1994-11-17,12.999939,13.500001,12.875019,13.250033,326300,0.926546
1994-11-16,14.750088,14.750088,13.124987,13.375079,498300,0.93529
1994-11-15,14.374949,14.750088,14.374949,14.374949,197700,1.005209
1994-11-14,14.250028,14.625042,14.250028,14.499996,95400,1.013953
1994-11-11,14.250028,14.625042,14.250028,14.625042,40700,1.022697
1994-11-10,14.625042,14.625042,14.124982,14.625042,159300,1.022697
1994-11-09,14.00006,14.499996,14.00006,14.250028,333000,0.996474
1994-11-08,14.062458,14.374949,14.00006,14.374949,91100,1.005209
1994-11-07,14.00006,14.250028,13.875014,14.250028,410400,0.996474
1994-11-04,14.625042,14.625042,14.124982,14.124982,137000,0.987729
1994-11-03,15.250024,15.250024,14.625042,14.87501,402900,1.040177
1994-11-02,14.124982,15.250024,14.124982,15.250024,1198100,1.066401
1994-11-01,14.374949,14.374949,14.00006,14.124982,355200,0.987729
1994-10-31,14.250028,14.374949,13.749968,14.374949,505500,1.005209
1994-10-28,13.749968,14.374949,13.500001,14.124982,1838000,0.987729
1994-10-27,12.374958,13.500001,12.00007,13.500001,3160400,0.944026
1994-10-26,12.374958,12.500005,12.187514,12.187514,802100,0.852246
1994-10-25,12.625051,12.875019,12.374958,12.374958,333000,0.865354
1994-10-24,12.999939,12.999939,12.625051,12.625051,32400,0.882842
1994-10-21,12.875019,12.999939,12.625051,12.999939,145800,0.909058
1994-10-20,13.250033,13.250033,12.875019,13.250033,213900,0.926546
1994-10-19,13.250033,13.500001,12.999939,13.250033,206700,0.926546
1994-10-18,13.124987,13.500001,12.999939,13.375079,230900,0.93529
1994-10-17,14.00006,14.00006,13.250033,13.625047,305100,0.95277
1994-10-14,13.875014,14.00006,13.625047,14.00006,378600,0.978994
1994-10-13,13.875014,13.875014,13.625047,13.625047,185100,0.95277
1994-10-12,14.374949,14.374949,13.625047,13.875014,605700,0.97025
1994-10-11,14.250028,14.250028,13.749968,14.00006,173000,0.978994
1994-10-10,14.374949,14.374949,13.875014,13.875014,177500,0.97025
1994-10-07,14.499996,14.499996,14.00006,14.00006,141800,0.978994
1994-10-06,13.250033,14.499996,12.999939,14.499996,776400,1.013953
1994-10-05,12.749973,13.250033,12.749973,12.999939,284400,0.909058
1994-10-04,12.999939,12.999939,12.749973,12.999939,376700,0.909058
1994-10-03,12.999939,12.999939,12.749973,12.999939,689900,0.909058
1994-09-30,12.749973,12.999939,12.749973,12.749973,452900,0.891578
1994-09-29,12.749973,12.999939,12.749973,12.749973,394800,0.891578
1994-09-28,13.124987,13.250033,12.749973,12.999939,269300,0.909058
1994-09-27,13.500001,13.500001,13.124987,13.124987,394800,0.917802
1994-09-26,13.875014,13.875014,13.500001,13.500001,255300,0.944026
1994-09-23,13.500001,13.875014,13.500001,13.875014,141000,0.97025
1994-09-22,13.500001,14.00006,13.500001,13.625047,234200,0.95277
1994-09-21,13.625047,13.749968,13.500001,13.687569,203400,0.957142
1994-09-20,13.625047,13.875014,13.500001,13.875014,375500,0.97025
1994-09-19,13.875014,14.00006,13.500001,13.749968,1031600,0.961505
1994-09-16,13.625047,13.875014,13.500001,13.875014,182400,0.97025
1994-09-15,13.375079,14.00006,13.375079,13.625047,453800,0.95277
1994-09-14,13.625047,13.625047,13.375079,13.375079,1146300,0.93529
1994-09-13,13.749968,13.875014,13.375079,13.500001,546900,0.944026
1994-09-12,13.625047,14.00006,13.250033,13.625047,1296900,0.95277
1994-09-09,12.374958,13.500001,12.374958,13.250033,2358500,0.926546
1994-09-08,12.749973,12.749973,12.250038,12.749973,1749800,0.891578
1994-09-07,13.124987,13.375079,12.749973,12.999939,339000,0.909058
1994-09-06,13.124987,13.500001,13.124987,13.124987,115700,0.917802
1994-09-02,13.375079,13.749968,13.250033,13.250033,133800,0.926546
1994-09-01,13.500001,13.749968,13.250033,13.375079,288900,0.93529
1994-08-31,14.124982,14.625042,13.749968,13.875014,780900,0.97025
1994-08-30,13.124987,14.124982,13.124987,14.00006,466700,0.978994
1994-08-29,13.124987,13.625047,12.749973,13.375079,289800,0.93529
1994-08-26,13.124987,13.124987,12.625051,13.124987,383000,0.917802
1994-08-25,12.749973,13.124987,12.749973,12.749973,572400,0.891578
1994-08-24,13.375079,13.625047,12.124991,12.749973,1394600,0.891578
1994-08-23,13.250033,13.749968,13.250033,13.375079,335400,0.93529
1994-08-22,13.875014,14.00006,13.250033,13.749968,469100,0.961505
1994-08-19,14.499996,14.499996,13.749968,14.250028,463100,0.996474
1994-08-18,13.875014,14.625042,13.875014,14.499996,583400,1.013953
1994-08-17,14.00006,14.374949,13.875014,14.00006,257100,0.978994
1994-08-16,14.250028,14.250028,13.875014,14.250028,504200,0.996474
1994-08-15,14.250028,14.499996,13.875014,14.250028,450900,0.996474
1994-08-12,14.374949,14.750088,14.250028,14.250028,81900,0.996474
1994-08-11,14.87501,14.87501,14.625042,14.625042,182300,1.022697
1994-08-10,15.124977,15.749958,14.87501,15.000056,446400,1.048921
1994-08-09,14.750088,15.124977,14.750088,15.124977,285500,1.057657
1994-08-08,14.374949,14.87501,14.374949,14.750088,153200,1.031442
1994-08-05,14.625042,14.750088,14.124982,14.750088,120300,1.031442
1994-08-04,14.625042,15.000056,14.499996,14.750088,362700,1.031442
1994-08-03,14.499996,14.625042,14.250028,14.374949,433400,1.005209
1994-08-02,14.374949,14.750088,14.124982,14.374949,318800,1.005209
1994-08-01,14.625042,14.750088,14.250028,14.625042,255300,1.022697
1994-07-29,15.49999,15.49999,14.625042,14.625042,387600,1.022697
1994-07-28,15.37507,15.625038,15.124977,15.124977,317300,1.057657
1994-07-27,15.49999,15.49999,15.124977,15.49999,16400,1.083881
1994-07-26,15.625038,15.625038,15.000056,15.37507,155300,1.075145
1994-07-25,15.625038,15.875004,15.124977,15.250024,834300,1.066401
1994-07-22,15.124977,15.625038,14.625042,15.625038,783600,1.092625
1994-07-21,14.124982,15.625038,14.124982,15.37507,922200,1.075145
1994-07-20,14.374949,14.87501,14.124982,14.124982,471200,0.987729
1994-07-19,15.625038,16.000052,14.374949,14.750088,2282400,1.031442
1994-07-18,16.000052,16.37494,15.124977,15.625038,1062000,1.092625
1994-07-15,16.625034,16.875,16.125098,16.499986,426600,1.153808
1994-07-14,16.625034,17.000047,16.37494,16.625034,405200,1.162553
1994-07-13,16.499986,16.750079,16.000052,16.625034,282300,1.162553
1994-07-12,16.000052,16.499986,15.749958,16.125098,391700,1.127593
1994-07-11,16.750079,16.750079,15.625038,15.875004,781800,1.110105
1994-07-08,16.750079,16.750079,16.250018,16.625034,270600,1.162553
1994-07-07,15.875004,16.750079,15.49999,16.499986,843300,1.153808
1994-07-06,15.37507,15.875004,15.124977,15.749958,264600,1.10136
1994-07-05,15.37507,15.49999,15.000056,15.124977,380900,1.057657
1994-07-01,14.87501,15.124977,14.750088,14.87501,419400,1.040177
1994-06-30,14.374949,14.87501,14.374949,14.87501,77900,1.040177
1994-06-29,14.124982,14.750088,14.124982,14.499996,332300,1.013953
1994-06-28,14.250028,14.625042,14.00006,14.124982,1215000,0.987729
1994-06-27,14.625042,14.750088,14.250028,14.625042,803900,1.022697
1994-06-24,15.124977,15.124977,14.374949,14.625042,964100,1.022697
1994-06-23,14.87501,15.37507,14.750088,15.000056,1460000,1.048921
1994-06-22,14.00006,15.250024,14.00006,14.87501,1545000,1.040177
1994-06-21,14.250028,14.625042,13.875014,14.00006,567900,0.978994
1994-06-20,15.250024,15.625038,14.499996,14.625042,745400,1.022697
1994-06-17,16.125098,16.125098,15.749958,15.749958,248000,1.10136
1994-06-16,15.875004,16.250018,15.749958,15.749958,179600,1.10136
1994-06-15,16.250018,16.750079,15.875004,15.875004,426600,1.110105
1994-06-14,16.625034,16.625034,16.250018,16.250018,681800,1.136329
1994-06-13,17.000047,17.124968,16.625034,16.750079,309800,1.171297
1994-06-10,16.875,17.000047,16.499986,17.000047,168900,1.188776
1994-06-09,16.625034,16.750079,16.250018,16.750079,259400,1.171297
1994-06-08,17.625028,17.74995,16.125098,16.125098,984300,1.127593
1994-06-07,18.25001,18.25001,17.250014,17.625028,818300,1.23248
1994-06-06,18.000042,18.25001,17.74995,18.25001,1437900,1.276184
1994-06-03,17.000047,18.000042,17.000047,17.625028,731900,1.23248
1994-06-02,16.250018,17.499982,16.250018,17.250014,1603800,1.206256
1994-06-01,16.250018,16.625034,16.250018,16.250018,81900,1.136329
1994-05-31,16.125098,16.625034,16.125098,16.125098,116700,1.127593
1994-05-27,16.625034,16.625034,16.125098,16.125098,75800,1.127593
1994-05-26,16.250018,16.499986,16.000052,16.37494,2129600,1.145064
1994-05-25,15.875004,16.250018,15.875004,16.250018,476700,1.136329
1994-05-24,15.749958,16.250018,15.749958,15.875004,743100,1.110105
1994-05-23,15.749958,16.125098,15.625038,16.000052,232200,1.118849
1994-05-20,16.250018,16.250018,15.749958,15.749958,510300,1.10136
1994-05-19,15.000056,16.37494,14.87501,16.250018,1479200,1.136329
1994-05-18,13.500001,14.87501,13.375079,14.87501,3202800,1.040177
1994-05-17,13.749968,13.875014,13.500001,13.749968,1520100,0.961505
1994-05-16,14.87501,14.87501,13.875014,14.00006,519300,0.978994
1994-05-13,15.250024,15.625038,14.625042,14.87501,663500,1.040177
1994-05-12,15.37507,15.749958,15.250024,15.37507,255200,1.075145
1994-05-11,16.000052,16.37494,15.124977,15.37507,1020800,1.075145
1994-05-10,16.499986,16.499986,16.000052,16.000052,91400,1.118849
1994-05-09,15.875004,16.37494,15.875004,16.000052,264600,1.118849
1994-05-06,16.125098,16.37494,15.625038,15.749958,811400,1.10136
1994-05-05,17.000047,17.000047,15.749958,16.875,1441800,1.180032
1994-05-04,17.499982,17.499982,16.875,17.124968,670200,1.197512
1994-05-03,17.000047,17.499982,16.625034,17.000047,1254800,1.188776
1994-05-02,16.750079,17.124968,15.749958,17.000047,1797000,1.188776
1994-04-29,16.499986,16.875,16.250018,16.625034,961200,1.162553
1994-04-28,15.875004,16.499986,15.875004,16.499986,743100,1.153808
1994-04-26,15.250024,16.000052,15.000056,16.000052,1049900,1.118849
1994-04-25,14.750088,15.250024,14.750088,15.000056,357300,1.048921
1994-04-22,15.000056,15.000056,14.625042,14.87501,204800,1.040177
1994-04-21,15.124977,15.37507,14.625042,14.625042,476700,1.022697
1994-04-20,13.749968,15.187501,13.749968,14.87501,1057100,1.040177
1994-04-19,14.00006,14.250028,13.749968,14.00006,904100,0.978994
1994-04-18,14.250028,14.374949,14.00006,14.00006,526700,0.978994
1994-04-15,13.500001,14.250028,13.375079,14.250028,826400,0.996474
1994-04-14,13.625047,14.00006,13.500001,13.500001,258000,0.944026
1994-04-13,14.625042,14.625042,13.375079,13.625047,747500,0.95277
1994-04-12,13.749968,14.499996,13.749968,14.374949,916200,1.005209
1994-04-11,13.625047,13.749968,13.250033,13.749968,115700,0.961505
1994-04-08,13.625047,13.625047,13.250033,13.500001,66800,0.944026
1994-04-07,13.500001,13.625047,13.124987,13.625047,282800,0.95277
1994-04-06,12.875019,13.375079,12.875019,13.375079,194400,0.93529
1994-04-05,12.749973,13.250033,12.500005,12.999939,428600,0.909058
1994-04-04,11.500009,13.250033,10.875028,12.749973,1879200,0.891578
1994-03-31,12.00007,12.250038,10.999949,12.00007,1971200,0.839139
1994-03-30,13.500001,13.749968,12.124991,12.124991,1319600,0.847874
1994-03-29,13.625047,14.00006,13.625047,13.625047,671600,0.95277
1994-03-28,13.749968,14.00006,13.500001,13.875014,510300,0.97025
1994-03-25,14.00006,14.124982,13.625047,13.749968,302600,0.961505
1994-03-24,14.124982,14.124982,13.625047,13.749968,1102500,0.961505
1994-03-23,13.749968,14.124982,13.749968,13.875014,679200,0.97025
1994-03-22,14.00006,14.00006,13.749968,14.00006,303800,0.978994
1994-03-21,14.00006,14.124982,13.500001,13.749968,915500,0.961505
1994-03-18,13.875014,14.00006,13.375079,14.00006,425400,0.978994
1994-03-17,13.625047,13.875014,13.500001,13.875014,200700,0.97025
1994-03-16,14.00006,14.00006,13.625047,14.00006,118400,0.978994
1994-03-15,14.124982,14.124982,13.625047,14.00006,554100,0.978994
1994-03-14,14.00006,14.124982,13.625047,14.00006,542700,0.978994
1994-03-11,13.500001,14.00006,13.250033,13.625047,1571600,0.95277
1994-03-10,13.250033,13.500001,12.999939,13.500001,451500,0.944026
1994-03-09,13.625047,13.625047,12.875019,13.124987,519800,0.917802
1994-03-08,14.250028,14.250028,12.625051,13.375079,2020200,0.93529
1994-03-07,13.124987,14.374949,12.999939,14.250028,3141000,0.996474
1994-03-04,12.500005,12.875019,12.124991,12.875019,475800,0.900322
1994-03-03,12.124991,12.500005,12.00007,12.500005,897300,0.874098
1994-03-02,11.875023,12.124991,11.500009,12.124991,933800,0.847874
1994-03-01,12.625051,12.625051,11.875023,12.124991,1064400,0.847874
1994-02-28,12.00007,12.250038,11.749977,11.875023,2260100,0.830395
1994-02-25,11.749977,12.124991,11.250042,12.00007,3424500,0.839139
1994-02-24,11.124995,11.124995,10.749981,10.875028,577100,0.760467
1994-02-23,10.250046,10.999949,9.875032,10.875028,841200,0.760467
1994-02-22,9.749987,10.125,9.749987,10.125,308000,0.708019
1994-02-18,10.250046,10.250046,9.749987,9.875032,96000,0.69054
1994-02-17,10.125,10.374968,9.875032,9.875032,421200,0.69054
1994-02-16,10.374968,10.374968,10.000079,10.374968,473900,0.725499
1994-02-15,10.000079,10.250046,9.749987,10.125,938900,0.708019
1994-02-14,10.000079,10.000079,9.749987,10.000079,36600,0.699284
1994-02-11,10.000079,10.000079,10.000079,10.000079,5000,0.699284
1994-02-10,9.749987,10.125,9.749987,9.749987,239000,0.681795
1994-02-09,10.000079,10.250046,9.749987,10.125,604400,0.708019
1994-02-08,9.500019,9.875032,9.500019,9.875032,421200,0.69054
1994-02-07,9.374973,9.875032,9.374973,9.62494,644100,0.673051
1994-02-04,9.62494,9.875032,9.62494,9.62494,554100,0.673051
1994-02-03,10.000079,10.000079,9.500019,9.62494,321900,0.673051
1994-02-02,10.125,10.125,9.749987,9.875032,235100,0.69054
1994-02-01,10.125,10.250046,9.749987,9.875032,319200,0.69054
1994-01-31,10.125,10.374968,9.875032,9.875032,303800,0.69054
1994-01-28,10.62506,10.62506,10.125,10.374968,137000,0.725499
1994-01-27,10.62506,10.62506,10.374968,10.62506,596700,0.742987
1994-01-26,10.374968,10.749981,10.125,10.62506,881100,0.742987
1994-01-25,10.250046,10.500014,10.000079,10.250046,793100,0.716763
1994-01-24,9.62494,10.250046,9.374973,10.000079,1907600,0.699284
1994-01-21,9.125005,9.374973,9.125005,9.374973,1204800,0.655571
1994-01-20,9.374973,9.374973,9.125005,9.125005,380000,0.638092
1994-01-19,9.250051,9.374973,9.125005,9.374973,1836600,0.655571
1994-01-18,8.999958,9.250051,8.999958,8.999958,489300,0.629348
1994-01-17,8.875038,9.250051,8.875038,8.999958,1227300,0.629348
1994-01-14,9.250051,9.250051,8.875038,8.875038,152100,0.620612
1994-01-13,8.749991,9.374973,8.749991,8.999958,765600,0.629348
1994-01-12,8.749991,8.749991,8.24993,8.500024,362700,0.594388
1994-01-11,8.749991,8.999958,8.500024,8.749991,232200,0.611868
1994-01-10,8.875038,9.125005,8.749991,8.749991,295800,0.611868
1994-01-07,8.125009,9.875032,8.000089,9.125005,2859500,0.638092
1994-01-06,7.374981,8.24993,7.374981,7.875042,1192100,0.550685
1994-01-05,7.500028,7.624949,7.25006,7.624949,459900,0.533196
1994-01-04,7.374981,7.500028,7.25006,7.500028,528500,0.524461
1994-01-03,7.875042,7.875042,7.25006,7.374981,490200,0.515716
1993-12-31,7.875042,7.875042,7.624949,7.875042,218700,0.550685
1993-12-30,7.875042,7.875042,7.749995,7.749995,72900,0.54194
1993-12-29,7.624949,7.875042,7.374981,7.875042,2467800,0.550685
1993-12-28,7.25006,7.624949,7.25006,7.500028,153200,0.524461
1993-12-27,7.624949,7.624949,7.25006,7.624949,155300,0.533196
1993-12-23,7.500028,7.624949,7.25006,7.624949,351200,0.533196
1993-12-22,7.624949,7.749995,7.500028,7.749995,280800,0.54194
1993-12-21,7.749995,7.749995,7.624949,7.624949,301100,0.533196
1993-12-20,6.999967,7.749995,6.999967,7.749995,405200,0.54194
1993-12-17,6.625079,7.25006,6.625079,6.999967,417300,0.489493
1993-12-16,6.500032,6.875046,6.500032,6.875046,310100,0.480757
1993-12-15,6.500032,6.875046,6.500032,6.875046,65700,0.480757
1993-12-14,6.625079,6.875046,6.625079,6.875046,51900,0.480757
1993-12-13,6.75,6.75,6.625079,6.75,177500,0.472013
1993-12-10,6.875046,6.875046,6.625079,6.625079,31700,0.463277
1993-12-09,6.875046,6.875046,6.625079,6.875046,81900,0.480757
1993-12-08,6.875046,6.875046,6.875046,6.875046,4200,0.480757
1993-12-07,6.875046,6.875046,6.875046,6.875046,13500,0.480757
1993-12-06,6.500032,6.500032,6.500032,6.500032,2000,0.454533
1993-12-03,6.875046,6.875046,6.625079,6.875046,80300,0.480757
1993-12-02,7.125014,7.125014,6.625079,6.75,143100,0.472013
1993-12-01,6.625079,6.875046,6.625079,6.875046,45900,0.480757
1993-11-30,6.999967,6.999967,6.875046,6.999967,100100,0.489493
1993-11-29,6.999967,6.999967,6.875046,6.875046,74900,0.480757
1993-11-26,6.999967,7.125014,6.999967,7.125014,25700,0.498237
1993-11-24,7.25006,7.374981,6.999967,7.25006,77900,0.506981
1993-11-23,7.125014,7.25006,6.999967,7.25006,216900,0.506981
1993-11-22,6.875046,6.999967,6.875046,6.875046,64100,0.480757
1993-11-19,6.625079,7.125014,6.625079,7.125014,203400,0.498237
1993-11-18,6.374986,6.999967,6.374986,6.999967,314700,0.489493
1993-11-17,5.999972,6.24994,5.999972,6.24994,387600,0.437045
1993-11-16,6.062496,6.24994,5.999972,6.24994,135000,0.437045
1993-11-15,6.125019,6.374986,5.999972,5.999972,168900,0.419565
1993-11-12,6.125019,6.24994,6.125019,6.125019,155300,0.428309
1993-11-11,6.125019,6.374986,6.125019,6.374986,75800,0.445789
1993-11-10,5.999972,6.374986,5.999972,5.999972,221600,0.419565
1993-11-09,5.999972,6.374986,5.999972,5.999972,154800,0.419565
1993-11-08,5.999972,5.999972,5.999972,5.999972,200,0.419565
1993-11-05,6.125019,6.625079,5.999972,6.125019,270600,0.428309
1993-11-04,6.999967,6.999967,6.500032,6.625079,145800,0.463277
1993-11-03,6.875046,6.999967,6.75,6.999967,80300,0.489493
1993-11-02,7.125014,7.125014,6.875046,6.875046,241800,0.480757
1993-11-01,7.125014,7.125014,6.875046,6.875046,25700,0.480757
1993-10-29,6.875046,7.125014,6.875046,7.125014,155300,0.498237
1993-10-28,6.999967,7.25006,6.999967,6.999967,213900,0.489493
1993-10-27,6.75,7.125014,6.75,6.999967,437600,0.489493
1993-10-26,6.75,6.999967,6.75,6.75,353700,0.472013
1993-10-25,7.25006,7.374981,6.875046,6.875046,378000,0.480757
1993-10-22,7.25006,7.500028,7.25006,7.25006,291600,0.506981
1993-10-21,7.374981,7.624949,7.25006,7.25006,380900,0.506981
1993-10-20,7.374981,7.624949,7.374981,7.624949,191300,0.533196
1993-10-19,7.374981,7.500028,7.374981,7.374981,227700,0.515716
1993-10-18,7.374981,7.500028,7.374981,7.374981,56700,0.515716
1993-10-15,7.374981,7.624949,7.374981,7.374981,164000,0.515716
1993-10-14,7.624949,7.624949,7.374981,7.374981,343500,0.515716
1993-10-13,7.374981,7.624949,7.374981,7.624949,922200,0.533196
1993-10-12,7.25006,7.500028,7.25006,7.500028,642200,0.524461
1993-10-11,7.25006,7.500028,7.25006,7.500028,80300,0.524461
1993-10-08,7.624949,7.624949,7.25006,7.25006,235100,0.506981
1993-10-07,7.374981,7.500028,7.25006,7.25006,282300,0.506981
1993-10-06,7.500028,7.500028,7.374981,7.374981,314700,0.515716
1993-10-05,7.875042,7.875042,7.374981,7.624949,580500,0.533196
1993-10-04,7.749995,7.875042,7.624949,7.875042,145800,0.550685
1993-10-01,7.500028,7.624949,7.374981,7.624949,141000,0.533196
1993-09-30,7.624949,7.875042,7.25006,7.500028,387600,0.524461
1993-09-29,8.125009,8.125009,7.624949,7.624949,540600,0.533196
1993-09-28,7.812519,8.24993,7.749995,8.125009,923400,0.568164
1993-09-27,7.624949,7.875042,7.624949,7.749995,378000,0.54194
1993-09-24,7.749995,7.749995,7.624949,7.624949,686400,0.533196
1993-09-23,7.500028,7.749995,7.500028,7.749995,71100,0.54194
1993-09-22,7.500028,7.624949,7.500028,7.500028,827600,0.524461
1993-09-21,7.25006,7.875042,7.25006,7.624949,945900,0.533196
1993-09-20,7.25006,7.500028,7.25006,7.500028,471200,0.524461
1993-09-17,6.999967,7.500028,6.999967,7.500028,1198100,0.524461
1993-09-16,7.234398,7.374981,6.999967,6.999967,13500,0.489493
1993-09-15,7.234398,7.234398,6.999967,7.234398,838500,0.505886
1993-09-14,7.234398,7.234398,6.75,6.999967,206700,0.489493
1993-09-13,6.75,7.234398,6.75,6.999967,617000,0.489493
1993-09-10,7.234398,7.234398,6.75,6.75,147800,0.472013
1993-09-09,6.515569,7.234398,6.515569,7.234398,65700,0.505886
1993-09-08,6.999967,7.234398,6.515569,6.515569,155300,0.45562
1993-09-07,7.749995,7.749995,7.234398,7.234398,761400,0.505886
1993-09-03,7.51569,7.749995,7.51569,7.749995,271500,0.54194
1993-09-02,7.749995,8.000089,7.51569,7.51569,945900,0.525556
1993-09-01,7.749995,7.749995,7.35932,7.749995,280800,0.54194
1993-08-31,7.35932,7.749995,7.35932,7.749995,312800,0.54194
1993-08-30,7.35932,7.749995,7.35932,7.749995,39300,0.54194
1993-08-27,8.000089,8.000089,7.234398,7.35932,555800,0.514621
1993-08-26,8.000089,8.000089,7.51569,7.749995,974900,0.54194
1993-08-25,7.51569,8.234394,7.234398,7.749995,1834700,0.54194
1993-08-24,7.51569,7.51569,6.999967,7.51569,902400,0.525556
1993-08-23,6.75,7.234398,6.625079,6.999967,885800,0.489493
1993-08-20,6.515569,6.75,5.359329,6.75,589500,0.472013
1993-08-19,5.999972,6.515569,5.999972,6.234403,164300,0.435958
1993-08-18,6.515569,6.515569,5.999972,6.234403,526700,0.435958
1993-08-17,5.999972,6.515569,5.999972,6.359449,667100,0.444702
1993-08-16,5.750005,6.234403,5.750005,6.234403,594200,0.435958
1993-08-13,5.875051,6.109356,5.624958,5.750005,402900,0.402085
1993-08-12,5.750005,5.875051,5.5157,5.875051,760700,0.41083
1993-08-11,5.624958,5.750005,5.359329,5.750005,132500,0.402085
1993-08-10,5.234408,5.624958,5.234408,5.624958,270600,0.393341
1993-08-09,5.5157,5.750005,5.234408,5.234408,627000,0.366031
1993-08-06,5.5157,5.750005,4.999977,5.750005,68100,0.402085
1993-08-05,5.5157,5.5157,4.999977,5.234408,54900,0.366031
1993-08-04,5.5157,5.5157,4.999977,5.5157,291800,0.385701
1993-08-03,5.750005,5.750005,5.234408,5.750005,82400,0.402085
1993-08-02,5.875051,5.875051,5.234408,5.750005,227700,0.402085
1993-07-30,5.875051,5.999972,5.5157,5.875051,401000,0.41083
1993-07-29,5.624958,5.999972,5.5157,5.750005,597300,0.402085
1993-07-28,5.624958,5.750005,5.359329,5.5157,323300,0.385701
1993-07-27,5.750005,5.750005,5.359329,5.750005,184200,0.402085
1993-07-26,5.359329,5.624958,5.109361,5.624958,341600,0.393341
1993-07-23,5.234408,5.5157,4.999977,5.109361,209400,0.357287
1993-07-22,4.234412,5.234408,4.234412,4.999977,392100,0.349638
1993-07-21,4.750009,4.999977,4.234412,4.234412,291600,0.296103
1993-07-20,5.5157,5.5157,4.515579,4.750009,206700,0.332158
1993-07-19,5.5157,5.5157,5.234408,5.5157,269300,0.385701
1993-07-16,5.624958,5.750005,5.234408,5.359329,147800,0.374766
1993-07-15,5.359329,5.999972,5.234408,5.5157,715100,0.385701
1993-07-14,5.5157,5.5157,5.5157,5.5157,22500,0.385701
1993-07-13,5.234408,5.5157,5.234408,5.359329,416400,0.374766
1993-07-12,5.5157,5.5157,5.234408,5.359329,248000,0.374766
1993-07-09,5.359329,5.5157,5.109361,5.5157,448400,0.385701
1993-07-08,4.999977,5.359329,4.999977,5.109361,779000,0.357287
1993-07-07,4.624963,4.999977,4.624963,4.999977,820100,0.349638
1993-07-06,4.750009,4.874931,4.624963,4.750009,586100,0.332158
1993-07-02,4.999977,4.999977,4.624963,4.624963,197700,0.323414
1993-07-01,4.999977,4.999977,4.750009,4.750009,91100,0.332158
1993-06-30,5.234408,5.234408,4.750009,4.750009,191700,0.332158
1993-06-29,4.999977,4.999977,4.750009,4.999977,408300,0.349638
1993-06-28,4.999977,4.999977,4.624963,4.624963,597300,0.323414
1993-06-25,4.874931,4.999977,4.515579,4.750009,133800,0.332158
1993-06-24,4.515579,4.750009,4.234412,4.750009,867600,0.332158
1993-06-23,4.234412,4.515579,4.234412,4.515579,1640400,0.315765
1993-06-22,4.234412,4.750009,4.234412,4.750009,258000,0.332158
1993-06-21,4.750009,4.999977,4.234412,4.234412,228200,0.296103
1993-06-18,4.874931,5.234408,4.750009,5.109361,187200,0.357287
1993-06-17,4.999977,4.999977,4.874931,4.874931,83900,0.340893
1993-06-16,4.999977,5.234408,4.999977,4.999977,118400,0.349638
1993-06-15,4.999977,5.109361,4.999977,4.999977,88400,0.349638
1993-06-14,5.5157,5.5157,4.999977,4.999977,62100,0.349638
1993-06-11,5.359329,5.5157,5.109361,5.109361,144000,0.357287
1993-06-10,5.359329,5.359329,5.109361,5.109361,21200,0.357287
1993-06-09,5.109361,5.359329,4.999977,5.359329,88400,0.374766
1993-06-08,5.875051,6.109356,4.750009,4.874931,355200,0.340893
1993-06-07,5.5157,6.515569,5.5157,5.875051,879000,0.41083
1993-06-04,5.5157,5.750005,5.359329,5.5157,232800,0.385701
1993-06-03,5.359329,5.5157,5.234408,5.359329,288900,0.374766
1993-06-02,5.359329,5.624958,5.359329,5.624958,170300,0.393341
1993-06-01,5.624958,5.624958,5.359329,5.359329,59600,0.374766
1993-05-28,5.5157,5.624958,5.234408,5.624958,226100,0.393341
1993-05-27,5.234408,5.5157,5.234408,5.5157,560900,0.385701
1993-05-26,5.234408,5.5157,5.234408,5.5157,40700,0.385701
1993-05-25,5.234408,5.5157,5.109361,5.359329,343500,0.374766
1993-05-24,5.234408,5.234408,4.999977,5.109361,446400,0.357287
1993-05-21,5.109361,5.359329,4.999977,5.234408,665600,0.366031
1993-05-20,4.999977,5.234408,4.874931,5.109361,1863200,0.357287
1993-05-19,4.109366,4.999977,4.109366,4.750009,1973300,0.332158
1993-05-18,3.999982,4.109366,3.999982,4.109366,80300,0.287359
1993-05-17,3.999982,3.999982,3.999982,3.999982,9500,0.27971
1993-05-14,3.999982,4.234412,3.999982,3.999982,74900,0.27971
1993-05-13,4.515579,4.515579,3.999982,3.999982,330900,0.27971
1993-05-12,4.624963,4.750009,4.234412,4.234412,534800,0.296103
1993-05-11,4.359459,4.624963,4.109366,4.515579,269300,0.315765
1993-05-10,4.624963,4.874931,4.234412,4.234412,385700,0.296103
1993-05-07,4.750009,4.999977,4.624963,4.624963,200700,0.323414
1993-05-06,3.999982,4.999977,3.999982,4.874931,1216400,0.340893
1993-05-05,3.87506,4.515579,3.87506,4.234412,1533800,0.296103
1993-05-04,3.87506,4.109366,3.87506,3.999982,145800,0.27971
1993-05-03,4.109366,4.109366,3.87506,3.87506,14100,0.270975
1993-04-30,4.234412,4.234412,3.999982,3.999982,171500,0.27971
1993-04-29,4.109366,4.234412,3.999982,3.999982,176100,0.27971
1993-04-28,4.109366,4.109366,3.87506,4.109366,205400,0.287359
1993-04-27,3.515709,4.234412,3.515709,3.999982,588200,0.27971
1993-04-26,3.999982,4.359459,3.624968,3.999982,309800,0.27971
1993-04-23,4.109366,4.515579,3.999982,4.109366,270600,0.287359
1993-04-22,3.999982,4.109366,3.750014,4.109366,1435100,0.287359
1993-04-21,4.109366,4.109366,3.87506,3.999982,179600,0.27971
1993-04-20,3.624968,4.109366,3.515709,3.87506,180500,0.270975
1993-04-19,4.234412,4.234412,3.87506,3.87506,93200,0.270975
1993-04-16,4.234412,4.359459,3.87506,4.234412,1034700,0.296103
1993-04-15,4.234412,4.624963,4.109366,4.359459,854700,0.304847
1993-04-14,3.999982,4.234412,3.750014,3.999982,1283100,0.27971
1993-04-13,4.515579,4.750009,3.750014,3.999982,1119200,0.27971
1993-04-12,3.10937,4.750009,2.750019,3.999982,2895000,0.27971
1993-04-08,2.999986,2.999986,2.750019,2.999986,615600,0.209783
1993-04-07,2.750019,2.999986,2.750019,2.750019,94100,0.192303
1993-04-06,2.750019,2.999986,2.750019,2.999986,391700,0.209783
1993-04-05,2.999986,2.999986,2.999986,2.999986,000,0.209783
1993-04-02,2.999986,3.10937,2.999986,2.999986,50000,0.209783
1993-04-01,2.750019,3.10937,2.750019,2.999986,50000,0.209783
1993-03-31,2.999986,2.999986,2.750019,2.999986,39300,0.209783
1993-03-30,3.10937,3.10937,2.87494,2.999986,56700,0.209783
1993-03-29,3.10937,3.10937,2.750019,2.750019,94100,0.192303
1993-03-26,3.234417,3.234417,2.999986,2.999986,57600,0.209783
1993-03-25,3.234417,3.234417,2.750019,2.87494,202500,0.201038
1993-03-24,2.750019,2.750019,2.750019,2.750019,36600,0.192303
1993-03-23,2.750019,2.999986,2.515588,2.515588,102200,0.17591
1993-03-22,2.999986,2.999986,2.515588,2.515588,18200,0.17591
1993-03-19,2.999986,2.999986,2.999986,2.999986,2900,0.209783
1993-03-18,2.515588,2.750019,2.515588,2.515588,50000,0.17591
1993-03-17,2.999986,2.999986,2.999986,2.999986,2000,0.209783
1993-03-16,2.515588,2.624972,2.359343,2.515588,94100,0.17591
1993-03-15,2.109375,2.109375,2.109375,2.109375,000,0.147504
1993-03-12,2.624972,2.624972,2.109375,2.109375,14100,0.147504
1993-03-11,2.109375,2.234422,2.109375,2.234422,20300,0.156248
1993-03-10,2.234422,2.234422,2.234422,2.234422,18200,0.156248
1993-03-09,2.750019,2.750019,2.109375,2.359343,13500,0.164984
1993-03-08,2.515588,2.750019,2.515588,2.750019,68100,0.192303
1993-03-05,2.515588,2.515588,2.515588,2.515588,000,0.17591
1993-03-04,2.234422,2.515588,2.234422,2.515588,105300,0.17591
1993-03-03,2.359343,2.359343,2.359343,2.359343,000,0.164984
1993-03-02,2.234422,2.359343,2.234422,2.359343,36600,0.164984
1993-03-01,2.234422,2.750019,2.234422,2.750019,18200,0.192303
1993-02-26,2.234422,2.234422,2.234422,2.234422,14100,0.156248
1993-02-25,2.359343,2.359343,2.359343,2.359343,24500,0.164984
1993-02-24,2.515588,2.515588,2.359343,2.359343,107600,0.164984
1993-02-23,2.234422,2.234422,2.234422,2.234422,20300,0.156248
1993-02-22,2.359343,2.515588,2.359343,2.515588,36600,0.17591
1993-02-19,2.234422,2.624972,2.234422,2.359343,105300,0.164984
1993-02-18,2.234422,2.359343,2.234422,2.234422,144000,0.156248
1993-02-17,2.234422,2.359343,2.234422,2.234422,121500,0.156248
1993-02-16,2.109375,2.515588,2.109375,2.359343,87000,0.164984
1993-02-12,2.109375,2.234422,2.109375,2.234422,155300,0.156248
1993-02-11,1.87507,2.109375,1.87507,2.109375,47400,0.147504
1993-02-10,1.999991,2.109375,1.999991,1.999991,307100,0.139855
1993-02-09,1.999991,1.999991,1.999991,1.999991,14100,0.139855
1993-02-08,2.109375,2.109375,2.109375,2.109375,200,0.147504
1993-02-05,2.109375,2.109375,1.624977,1.624977,96000,0.113631
1993-02-04,2.109375,2.109375,2.109375,2.109375,000,0.147504
1993-02-03,2.109375,2.109375,2.109375,2.109375,2000,0.147504
1993-02-02,2.109375,2.109375,2.109375,2.109375,14100,0.147504
1993-02-01,2.109375,2.109375,2.109375,2.109375,000,0.147504
1993-01-29,2.109375,2.109375,2.109375,2.109375,2000,0.147504
1993-01-28,2.109375,2.109375,2.109375,2.109375,2000,0.147504
1993-01-27,2.234422,2.234422,1.999991,1.999991,182300,0.139855
1993-01-26,2.234422,2.234422,1.999991,2.234422,225000,0.156248
1993-01-25,2.109375,2.109375,2.109375,2.109375,7400,0.147504
1993-01-22,2.109375,2.109375,1.87507,2.109375,105300,0.147504
1993-01-21,1.750023,1.999991,1.750023,1.87507,96000,0.13112
1993-01-20,1.87507,1.87507,1.750023,1.87507,79200,0.13112
1993-01-19,1.87507,1.87507,1.87507,1.87507,24500,0.13112
1993-01-18,1.87507,1.87507,1.87507,1.87507,000,0.13112
1993-01-15,1.999991,1.999991,1.750023,1.87507,107600,0.13112
1993-01-14,1.999991,1.999991,1.999991,1.999991,000,0.139855
1993-01-13,1.999991,1.999991,1.999991,1.999991,000,0.139855
1993-01-12,1.999991,2.109375,1.87507,1.999991,42800,0.139855
1993-01-11,2.109375,2.109375,1.999991,1.999991,122900,0.139855
1993-01-08,2.109375,2.109375,2.109375,2.109375,200,0.147504
1993-01-07,1.750023,1.87507,1.750023,1.87507,162200,0.13112
1993-01-06,1.87507,1.999991,1.750023,1.750023,143100,0.122375
1993-01-05,1.87507,1.999991,1.87507,1.87507,30300,0.13112
1993-01-04,1.750023,1.87507,1.624977,1.87507,115700,0.13112
1992-12-31,1.750023,1.87507,1.750023,1.750023,40700,0.122375
1992-12-30,1.624977,1.624977,1.624977,1.624977,000,0.113631
1992-12-29,1.624977,1.624977,1.624977,1.624977,000,0.113631
1992-12-28,1.624977,1.624977,1.624977,1.624977,62100,0.113631
1992-12-24,1.624977,1.750023,1.624977,1.624977,62100,0.113631
1992-12-23,1.234301,1.234301,1.234301,1.234301,14100,0.086312
1992-12-22,1.234301,1.515593,1.234301,1.515593,62100,0.105982
1992-12-21,1.234301,1.234301,1.10938,1.234301,32400,0.086312
1992-12-18,1.515593,1.515593,1.515593,1.515593,14100,0.105982
1992-12-17,1.515593,1.624977,1.234301,1.515593,164000,0.105982
1992-12-16,1.234301,1.234301,1.234301,1.234301,2000,0.086312
