Date,Open,High,Low,Close,Volume,Adj Close
2016-01-22,52.50,53.400002,50.810001,51.380001,341700,51.380001
2016-01-21,51.32,52.240002,50.130001,51.130001,273500,51.130001
2016-01-20,50.849998,51.91,49.130001,51.110001,459300,51.110001
2016-01-19,52.00,52.779999,51.360001,52.00,318400,52.00
2016-01-15,51.279999,51.889999,48.700001,51.240002,346000,51.240002
2016-01-14,50.299999,53.560001,50.299999,52.970001,359300,52.970001
2016-01-13,51.080002,51.290001,49.169998,50.130001,331400,50.130001
2016-01-12,51.380001,52.200001,49.790001,50.700001,334800,50.700001
2016-01-11,53.740002,53.740002,50.16,50.869999,490900,50.869999
2016-01-08,53.75,55.209999,53.419998,53.75,246800,53.75
2016-01-07,53.389999,54.889999,52.77,53.259998,577200,53.259998
2016-01-06,53.689999,55.119999,52.990002,54.57,395200,54.57
2016-01-05,53.509998,54.689999,53.509998,54.400002,328800,54.400002
2016-01-04,54.48,54.970001,52.599998,53.560001,816800,53.560001
2015-12-31,56.490002,57.220001,55.419998,57.189999,281200,57.189999
2015-12-30,57.509998,57.900002,56.200001,56.41,213600,56.41
2015-12-29,58.099998,58.41,57.389999,57.810001,148700,57.810001
2015-12-28,58.279999,58.529999,56.889999,58.16,317100,58.16
2015-12-24,58.970001,59.139999,58.549999,58.799999,205200,58.799999
2015-12-23,58.02,59.50,58.02,59.060001,393500,59.060001
2015-12-22,57.310001,58.48,56.580002,58.099998,385000,58.099998
2015-12-21,58.00,58.459999,56.91,57.50,506100,57.50
2015-12-18,56.759998,58.880001,55.93,58.09,996600,58.09
2015-12-17,53.599998,56.220001,52.740002,56.200001,930800,56.200001
2015-12-16,51.290001,54.459999,50.73,51.50,596500,51.50
2015-12-15,49.740002,51.82,49.700001,51.150002,443600,51.150002
2015-12-14,47.880001,49.279999,47.880001,48.880001,204300,48.880001
2015-12-11,48.029999,49.060001,47.720001,47.880001,163800,47.880001
2015-12-10,48.400002,49.209999,48.330002,48.860001,137400,48.860001
2015-12-09,49.119999,49.75,48.360001,48.619999,167600,48.619999
2015-12-08,48.84,49.970001,48.00,49.48,180100,49.48
2015-12-07,49.27,50.450001,49.27,49.75,245500,49.75
2015-12-04,48.07,49.860001,47.82,49.68,257400,49.68
2015-12-03,48.950001,49.290001,47.990002,48.130001,357700,48.130001
2015-12-02,48.939999,49.57,48.549999,48.98,506700,48.98
2015-12-01,50.25,50.25,48.610001,49.00,545000,49.00
2015-11-30,50.02,50.349998,47.369999,50.25,1195600,50.25
2015-11-27,52.169998,52.290001,51.060001,51.57,190300,51.57
2015-11-25,53.07,53.48,52.73,52.98,300300,52.98
2015-11-24,52.82,53.27,52.610001,52.990002,279800,52.990002
2015-11-23,53.139999,53.950001,53.009998,53.380001,259200,53.380001
2015-11-20,53.459999,54.209999,52.950001,53.400002,199200,53.400002
2015-11-19,53.509998,53.810001,52.790001,53.470001,144300,53.470001
2015-11-18,52.00,53.27,52.00,53.009998,187100,53.009998
2015-11-17,52.48,52.75,51.799999,52.040001,158300,52.040001
2015-11-16,50.419998,52.709999,50.380001,52.59,367200,52.59
2015-11-13,51.470001,51.75,50.00,50.380001,192100,50.380001
2015-11-12,50.790001,52.279999,50.790001,51.68,249600,51.68
2015-11-11,52.27,52.630001,51.029999,52.139999,251500,52.139999
2015-11-10,52.720001,52.720001,51.400002,51.810001,227600,51.810001
2015-11-09,52.50,53.41,52.380001,53.23,213800,53.23
2015-11-06,52.720001,53.549999,52.18,52.57,184400,52.57
2015-11-05,53.130001,54.799999,52.389999,52.610001,355700,52.610001
2015-11-04,52.990002,54.560001,52.450001,52.900002,364900,52.900002
2015-11-03,52.77,53.23,51.869999,51.990002,223300,51.990002
2015-11-02,50.52,52.50,49.84,52.360001,290000,52.360001
2015-10-30,48.419998,50.650002,48.419998,50.52,281100,50.52
2015-10-29,49.73,49.990002,48.290001,48.299999,232000,48.299999
2015-10-28,47.970001,49.880001,47.48,49.880001,332200,49.880001
2015-10-27,48.599998,48.869999,47.580002,47.990002,325900,47.990002
2015-10-26,45.650002,49.869999,45.48,48.50,835400,48.50
2015-10-23,45.66,46.080002,44.389999,45.349998,385900,45.349998
2015-10-22,44.970001,45.880001,44.389999,45.00,308000,45.00
2015-10-21,47.040001,47.040001,44.639999,45.00,280400,45.00
2015-10-20,46.669998,47.150002,46.529999,47.07,129700,47.07
2015-10-19,47.310001,47.799999,46.639999,46.880001,328200,46.880001
2015-10-16,47.599998,48.279999,46.990002,47.75,264200,47.75
2015-10-15,47.130001,47.869999,46.380001,47.259998,209900,47.259998
2015-10-14,47.00,47.66,46.049999,46.560001,268000,46.560001
2015-10-13,46.130001,47.290001,46.009998,47.060001,236900,47.060001
2015-10-12,45.700001,46.560001,45.189999,46.540001,294900,46.540001
2015-10-09,45.459999,45.91,44.91,45.290001,126300,45.290001
2015-10-08,44.75,45.779999,43.860001,45.200001,187600,45.200001
2015-10-07,45.830002,46.00,44.040001,44.990002,257700,44.990002
2015-10-06,44.349998,45.68,44.349998,44.860001,152600,44.860001
2015-10-05,44.029999,45.630001,44.029999,44.619999,224600,44.619999
2015-10-02,41.849998,44.619999,41.630001,44.50,356600,44.50
2015-10-01,41.380001,42.490002,41.049999,41.959999,346900,41.959999
2015-09-30,41.50,41.689999,40.82,41.299999,438900,41.299999
2015-09-29,40.669998,41.299999,40.200001,40.619999,286900,40.619999
2015-09-28,41.189999,41.580002,40.299999,40.73,271700,40.73
2015-09-25,42.459999,42.610001,41.16,41.52,228500,41.52
2015-09-24,41.029999,42.400002,41.029999,42.119999,196100,42.119999
2015-09-23,42.48,42.93,41.52,41.549999,256700,41.549999
2015-09-22,42.360001,43.00,42.279999,42.540001,203500,42.540001
2015-09-21,44.290001,45.16,42.529999,42.889999,278500,42.889999
2015-09-18,43.720001,45.119999,43.720001,44.080002,242800,44.080002
2015-09-17,44.009998,45.110001,43.889999,44.419998,229200,44.419998
2015-09-16,43.759998,45.189999,43.220001,44.950001,337400,44.950001
2015-09-15,42.52,43.50,42.049999,43.080002,262500,43.080002
2015-09-14,43.540001,44.939999,42.41,42.630001,316700,42.630001
2015-09-11,43.080002,43.93,42.560001,43.900002,375800,43.900002
2015-09-10,43.700001,43.709999,42.900002,43.330002,431300,43.330002
2015-09-09,45.189999,45.82,43.810001,43.93,359900,43.93
2015-09-08,45.189999,46.18,43.900002,44.380001,585100,44.380001
2015-09-04,44.59,45.189999,43.560001,43.77,405900,43.77
2015-09-03,45.669998,46.290001,44.689999,45.25,325900,45.25
2015-09-02,45.869999,45.93,44.419998,45.389999,365700,45.389999
2015-09-01,45.459999,47.130001,45.060001,45.16,531700,45.16
2015-08-31,47.330002,48.669998,47.09,47.330002,247600,47.330002
2015-08-28,46.77,48.900002,45.00,47.68,315400,47.68
2015-08-27,44.990002,47.799999,44.759998,47.490002,405000,47.490002
2015-08-26,44.52,44.689999,43.220001,44.07,302400,44.07
2015-08-25,45.389999,46.09,43.52,43.650002,515000,43.650002
2015-08-24,42.34,43.869999,42.009998,43.040001,837400,43.040001
2015-08-21,45.380001,46.599998,44.889999,45.82,582300,45.82
2015-08-20,47.139999,47.48,45.889999,46.02,432900,46.02
2015-08-19,47.900002,48.32,46.200001,47.27,482700,47.27
2015-08-18,47.27,48.75,46.709999,47.810001,577400,47.810001
2015-08-17,49.560001,49.560001,47.290001,48.68,692100,48.68
2015-08-14,49.740002,50.82,49.27,49.869999,435100,49.869999
2015-08-13,50.68,51.220001,49.41,49.450001,358200,49.450001
2015-08-12,48.98,50.349998,48.060001,50.290001,581500,50.290001
2015-08-11,50.540001,50.540001,49.709999,50.00,641500,50.00
2015-08-10,50.029999,51.330002,49.84,51.18,343200,51.18
2015-08-07,51.41,51.619999,49.400002,49.59,346700,49.59
2015-08-06,50.549999,51.049999,49.630001,50.91,573900,50.91
2015-08-05,49.689999,50.93,49.689999,50.369999,571400,50.369999
2015-08-04,47.869999,49.93,47.869999,49.68,659900,49.68
2015-08-03,47.919998,48.459999,47.330002,47.540001,787300,47.540001
2015-07-31,46.950001,48.200001,46.700001,48.130001,850700,48.130001
2015-07-30,46.380001,47.580002,45.779999,46.950001,767800,46.950001
2015-07-29,44.720001,46.400002,44.220001,46.27,800400,46.27
2015-07-28,42.889999,44.880001,42.369999,44.23,882200,44.23
2015-07-27,42.00,45.110001,41.759998,42.740002,1402600,42.740002
2015-07-24,46.610001,46.619999,44.299999,44.68,663000,44.68
2015-07-23,46.43,47.630001,45.939999,46.200001,562700,46.200001
2015-07-22,47.25,47.259998,45.93,46.200001,544400,46.200001
2015-07-21,46.790001,48.939999,46.169998,47.84,714400,47.84
2015-07-20,48.349998,48.400002,46.75,46.91,389300,46.91
2015-07-17,47.630001,48.59,47.57,48.049999,566800,48.049999
2015-07-16,46.77,47.810001,46.59,47.029999,335000,47.029999
2015-07-15,46.900002,48.139999,46.16,46.259998,668300,46.259998
2015-07-14,47.299999,48.200001,47.080002,47.610001,448800,47.610001
2015-07-13,47.759998,48.450001,47.240002,47.439999,440900,47.439999
2015-07-10,49.150002,49.630001,45.919998,47.119999,1185900,47.119999
2015-07-09,48.509998,50.360001,48.00,48.080002,1991800,48.080002
2015-07-08,44.029999,46.759998,43.560001,44.18,2357100,44.18
2015-07-07,48.869999,49.00,44.07,47.099998,3041400,47.099998
2015-07-06,56.939999,56.939999,50.509998,50.540001,1520900,50.540001
2015-07-02,57.549999,59.00,56.82,58.549999,522200,58.549999
2015-07-01,59.23,59.23,57.200001,57.709999,376100,57.709999
2015-06-30,60.360001,61.00,59.080002,59.09,319600,59.09
2015-06-29,59.50,60.360001,58.25,58.950001,628200,58.950001
2015-06-26,63.82,63.82,59.720001,59.919998,920100,59.919998
2015-06-25,64.82,65.209999,64.110001,64.419998,389700,64.419998
2015-06-24,65.199997,65.339996,64.370003,64.900002,415600,64.900002
2015-06-23,65.279999,65.629997,64.75,65.139999,368700,65.139999
2015-06-22,65.910004,66.18,64.379997,65.089996,484200,65.089996
2015-06-19,66.739998,67.00,65.400002,65.419998,362700,65.419998
2015-06-18,68.639999,69.870003,66.68,67.18,632000,67.18
2015-06-17,68.059998,70.519997,68.059998,69.470001,883900,69.470001
2015-06-16,67.32,67.580002,65.849998,66.779999,449500,66.779999
2015-06-15,69.739998,70.300003,68.040001,68.110001,465600,68.110001
2015-06-12,69.260002,71.779999,69.260002,70.940002,945400,70.940002
2015-06-11,68.470001,70.50,67.730003,69.25,939000,69.25
2015-06-10,68.00,70.550003,67.599998,67.989998,615100,67.989998
2015-06-09,69.279999,69.940002,67.279999,67.480003,460800,67.480003
2015-06-08,68.599998,71.580002,68.269997,69.739998,1128200,69.739998
2015-06-05,67.510002,69.43,67.220001,68.919998,637400,68.919998
2015-06-04,66.879997,68.389999,66.879997,67.730003,470400,67.730003
2015-06-03,67.00,68.489998,66.720001,67.599998,519000,67.599998
2015-06-02,66.989998,66.989998,65.239998,66.940002,483400,66.940002
2015-06-01,64.260002,66.879997,63.82,65.75,561700,65.75
2015-05-29,64.620003,64.949997,63.529999,63.68,330600,63.68
2015-05-28,64.470001,64.709999,62.549999,64.120003,484200,64.120003
2015-05-27,65.50,65.900002,64.790001,65.580002,313600,65.580002
2015-05-26,67.150002,67.300003,65.080002,65.690002,459100,65.690002
2015-05-22,66.190002,67.330002,66.18,66.360001,466000,66.360001
2015-05-21,66.199997,67.089996,65.889999,66.129997,418600,66.129997
2015-05-20,66.050003,66.949997,65.290001,66.18,353800,66.18
2015-05-19,67.00,67.709999,65.730003,65.790001,320100,65.790001
2015-05-18,67.00,68.00,66.57,66.989998,659100,66.989998
2015-05-15,66.589996,67.75,66.389999,67.199997,785500,67.199997
2015-05-14,66.889999,67.300003,66.00,66.18,1002400,66.18
2015-05-13,67.360001,68.080002,66.510002,66.779999,718400,66.779999
2015-05-12,67.00,68.940002,66.559998,67.489998,962100,67.489998
2015-05-11,68.00,69.209999,67.739998,67.849998,1025100,67.849998
2015-05-08,68.900002,68.900002,67.550003,67.940002,384500,67.940002
2015-05-07,67.220001,68.980003,67.099998,68.550003,459800,68.550003
2015-05-06,67.449997,68.360001,66.400002,67.779999,867900,67.779999
2015-05-05,67.50,68.57,66.400002,66.809998,469500,66.809998
2015-05-04,68.959999,68.959999,67.650002,68.309998,463700,68.309998
2015-05-01,66.959999,68.93,65.18,68.610001,656400,68.610001
2015-04-30,68.00,68.959999,66.00,66.449997,730100,66.449997
2015-04-29,68.639999,68.900002,67.25,68.480003,471700,68.480003
2015-04-28,67.660004,68.940002,64.010002,67.970001,815400,67.970001
2015-04-27,67.50,69.790001,64.260002,67.650002,1480700,67.650002
2015-04-24,66.00,69.50,65.169998,67.540001,1211100,67.540001
2015-04-23,64.800003,66.220001,64.589996,65.550003,669100,65.550003
2015-04-22,65.400002,65.970001,63.919998,65.309998,471600,65.309998
2015-04-21,63.200001,64.00,62.799999,63.619999,287700,63.619999
2015-04-20,62.040001,63.23,62.00,62.880001,253400,62.880001
2015-04-17,61.529999,62.919998,60.009998,62.009998,838700,62.009998
2015-04-16,60.830002,64.300003,60.34,63.709999,930500,63.709999
2015-04-15,60.50,61.00,59.950001,60.740002,534100,60.740002
2015-04-14,59.77,60.939999,59.130001,60.310001,578800,60.310001
2015-04-13,57.50,60.990002,57.50,60.009998,493900,60.009998
2015-04-10,59.93,60.360001,57.150002,57.810001,984800,57.810001
2015-04-09,59.240002,59.790001,56.919998,58.560001,535200,58.560001
2015-04-08,55.00,59.110001,54.970001,57.84,768800,57.84
2015-04-07,53.490002,54.860001,53.23,54.509998,379700,54.509998
2015-04-06,53.380001,53.959999,53.25,53.549999,153400,53.549999
2015-04-02,53.950001,54.299999,53.34,53.380001,188300,53.380001
2015-04-01,53.529999,54.720001,52.939999,53.740002,189800,53.740002
2015-03-31,53.00,53.990002,52.599998,53.330002,383000,53.330002
2015-03-30,54.169998,54.66,53.18,53.580002,147600,53.580002
2015-03-27,53.09,54.490002,53.00,53.740002,249100,53.740002
2015-03-26,53.50,53.830002,52.540001,52.889999,307200,52.889999
2015-03-25,54.040001,55.040001,52.59,53.560001,378600,53.560001
2015-03-24,54.779999,55.209999,53.509998,53.790001,237700,53.790001
2015-03-23,53.50,55.07,53.150002,54.75,526300,54.75
2015-03-20,49.990002,53.880001,49.52,53.119999,689100,53.119999
2015-03-19,52.669998,52.779999,49.939999,49.959999,449300,49.959999
2015-03-18,50.619999,51.900002,50.330002,51.84,342500,51.84
2015-03-17,50.060001,51.099998,49.400002,50.75,274800,50.75
2015-03-16,49.630001,50.299999,48.84,50.220001,348900,50.220001
2015-03-13,49.93,50.25,48.82,49.259998,416500,49.259998
2015-03-12,53.450001,53.450001,49.790001,49.84,845700,49.84
2015-03-11,52.900002,54.110001,52.150002,53.419998,595000,53.419998
2015-03-10,50.959999,52.830002,50.700001,52.790001,415600,52.790001
2015-03-09,51.360001,51.389999,50.50,51.200001,305100,51.200001
2015-03-06,51.279999,51.52,50.830002,51.07,161700,51.07
2015-03-05,51.889999,52.07,50.779999,51.470001,207500,51.470001
2015-03-04,51.900002,52.360001,51.23,51.700001,235800,51.700001
2015-03-03,52.470001,53.099998,51.720001,51.900002,185500,51.900002
2015-03-02,52.459999,53.02,52.07,52.919998,301300,52.919998
2015-02-27,53.23,53.57,51.84,52.619999,340400,52.619999
2015-02-26,51.830002,53.450001,51.830002,53.18,354200,53.18
2015-02-25,52.119999,52.900002,51.599998,51.66,394700,51.66
2015-02-24,52.639999,53.16,52.25,52.34,274600,52.34
2015-02-23,53.099998,53.669998,52.470001,52.759998,214500,52.759998
2015-02-20,53.150002,53.880001,52.939999,53.259998,139600,53.259998
2015-02-19,53.349998,54.169998,53.189999,53.369999,272300,53.369999
2015-02-18,53.540001,54.43,53.369999,53.509998,222400,53.509998
2015-02-17,53.799999,54.630001,53.27,53.720001,257200,53.720001
2015-02-13,51.439999,54.18,51.389999,53.959999,422800,53.959999
2015-02-12,51.049999,52.139999,51.00,51.220001,513800,51.220001
2015-02-11,50.98,51.540001,50.450001,51.369999,346600,51.369999
2015-02-10,52.27,52.27,50.419998,50.709999,435100,50.709999
2015-02-09,52.00,55.349998,50.529999,51.619999,1271800,51.619999
2015-02-06,57.119999,58.25,55.630001,55.889999,480700,55.889999
2015-02-05,57.68,57.950001,56.790001,57.23,238800,57.23
2015-02-04,56.400002,57.889999,56.009998,57.68,372100,57.68
2015-02-03,57.00,57.639999,56.439999,56.889999,367200,56.889999
2015-02-02,56.279999,57.060001,55.610001,56.619999,330000,56.619999
2015-01-30,56.110001,57.389999,56.009998,56.139999,311500,56.139999
2015-01-29,57.200001,57.84,55.82,56.369999,376800,56.369999
2015-01-28,57.00,57.66,56.049999,57.130001,254500,57.130001
2015-01-27,56.220001,57.68,56.16,56.619999,239100,56.619999
2015-01-26,54.830002,57.93,54.82,57.23,649300,57.23
2015-01-23,54.73,55.34,54.220001,54.639999,473400,54.639999
2015-01-22,55.529999,56.490002,54.599998,54.869999,410000,54.869999
2015-01-21,54.639999,56.470001,54.00,55.00,588800,55.00
2015-01-20,50.290001,55.00,49.93,54.560001,636700,54.560001
2015-01-16,49.130001,51.09,49.130001,49.939999,202400,49.939999
2015-01-15,51.470001,51.900002,48.959999,49.389999,223200,49.389999
2015-01-14,50.029999,51.27,49.59,51.130001,133700,51.130001
2015-01-13,50.799999,51.560001,50.139999,50.639999,179200,50.639999
2015-01-12,50.939999,51.02,49.91,50.18,185700,50.18
2015-01-09,51.849998,52.150002,50.639999,50.990002,242300,50.990002
2015-01-08,50.84,52.189999,50.50,51.759998,308300,51.759998
2015-01-07,51.34,51.880001,50.25,50.720001,243700,50.720001
2015-01-06,51.959999,52.459999,50.349998,50.669998,183700,50.669998
2015-01-05,51.720001,53.380001,51.310001,51.880001,226300,51.880001
2015-01-02,53.41,53.41,51.310001,52.419998,349900,52.419998
2014-12-31,52.00,53.310001,51.09,53.18,328400,53.18
2014-12-30,51.73,52.009998,50.630001,51.740002,217700,51.740002
2014-12-29,52.389999,52.389999,51.439999,51.939999,194800,51.939999
2014-12-26,51.970001,52.57,51.75,52.389999,219600,52.389999
2014-12-24,52.209999,52.77,51.700001,51.799999,94200,51.799999
2014-12-23,53.240002,53.240002,51.869999,52.02,213000,52.02
2014-12-22,52.77,53.23,52.380001,53.07,202400,53.07
2014-12-19,52.029999,53.25,51.59,52.77,391000,52.77
2014-12-18,50.00,52.52,49.849998,52.150002,690800,52.150002
2014-12-17,48.880001,50.00,48.650002,49.970001,255800,49.970001
2014-12-16,48.360001,49.669998,48.220001,48.810001,205000,48.810001
2014-12-15,49.919998,49.950001,48.529999,48.759998,391300,48.759998
2014-12-12,47.110001,48.900002,46.849998,47.82,324300,47.82
2014-12-11,46.400002,48.23,46.400002,47.450001,215700,47.450001
2014-12-10,47.330002,48.00,46.279999,46.34,142000,46.34
2014-12-09,45.52,47.93,45.209999,47.639999,269500,47.639999
2014-12-08,47.23,47.630001,45.259998,46.169998,315500,46.169998
2014-12-05,47.25,48.41,46.68,47.77,198400,47.77
2014-12-04,48.549999,48.560001,47.169998,47.299999,226900,47.299999
2014-12-03,47.52,48.84,46.73,48.419998,767700,48.419998
2014-12-02,48.00,48.529999,47.490002,47.779999,229500,47.779999
2014-12-01,50.299999,50.299999,48.110001,48.110001,269200,48.110001
2014-11-28,50.50,50.799999,50.080002,50.610001,132800,50.610001
2014-11-26,49.389999,51.040001,49.00,50.610001,234900,50.610001
2014-11-25,49.50,49.73,48.889999,49.299999,112600,49.299999
2014-11-24,49.400002,49.84,49.040001,49.59,178700,49.59
2014-11-21,48.799999,49.50,48.50,49.02,175100,49.02
2014-11-20,47.509998,48.799999,47.310001,48.259998,259900,48.259998
2014-11-19,48.57,49.060001,47.77,47.91,308100,47.91
2014-11-18,49.220001,49.970001,48.73,48.990002,338500,48.990002
2014-11-17,50.849998,50.849998,48.919998,49.23,279800,49.23
2014-11-14,49.849998,51.240002,49.369999,50.959999,250300,50.959999
2014-11-13,51.509998,51.66,49.75,50.150002,266400,50.150002
2014-11-12,50.689999,51.650002,50.310001,51.259998,142000,51.259998
2014-11-11,51.259998,51.459999,50.619999,51.130001,157300,51.130001
2014-11-10,50.599998,51.66,50.41,51.490002,282100,51.490002
2014-11-07,48.950001,50.400002,48.439999,50.34,352400,50.34
2014-11-06,49.639999,49.830002,49.119999,49.189999,241800,49.189999
2014-11-05,49.709999,50.330002,49.02,49.509998,623100,49.509998
2014-11-04,50.02,50.82,49.52,49.639999,462600,49.639999
2014-11-03,46.779999,51.50,46.669998,50.299999,1157800,50.299999
2014-10-31,46.50,49.310001,46.369999,48.59,1047700,48.59
2014-10-30,43.509998,46.23,43.349998,45.799999,551100,45.799999
2014-10-29,44.400002,44.779999,43.490002,43.66,257900,43.66
2014-10-28,43.380001,44.75,43.029999,44.470001,408500,44.470001
2014-10-27,43.639999,43.970001,42.610001,43.029999,225000,43.029999
2014-10-24,43.66,44.09,43.310001,44.02,106700,44.02
2014-10-23,43.389999,44.209999,43.009998,43.509998,483700,43.509998
2014-10-22,43.82,44.540001,42.799999,42.860001,470400,42.860001
2014-10-21,43.779999,43.990002,43.549999,43.720001,259900,43.720001
2014-10-20,43.82,44.029999,43.43,43.549999,286100,43.549999
2014-10-17,45.27,45.50,43.330002,43.52,473200,43.52
2014-10-16,44.080002,46.25,44.080002,44.970001,282800,44.970001
2014-10-15,42.779999,45.080002,42.029999,44.84,532100,44.84
2014-10-14,44.18,44.439999,43.00,43.09,565200,43.09
2014-10-13,44.689999,45.50,43.32,44.009998,421400,44.009998
2014-10-10,46.400002,46.400002,44.330002,44.619999,567100,44.619999
2014-10-09,47.540001,47.799999,46.369999,46.529999,475200,46.529999
2014-10-08,47.290001,47.91,46.50,47.740002,389000,47.740002
2014-10-07,48.07,48.200001,47.130001,47.240002,351500,47.240002
2014-10-06,49.130001,49.540001,48.23,48.290001,232100,48.290001
2014-10-03,49.16,49.619999,48.689999,48.759998,284800,48.759998
2014-10-02,48.540001,49.400002,46.630001,48.689999,531300,48.689999
2014-10-01,50.23,50.549999,48.00,48.360001,646700,48.360001
2014-09-30,51.720001,51.790001,50.119999,50.23,430000,50.23
2014-09-29,51.419998,52.00,51.259998,51.549999,225000,51.549999
2014-09-26,52.09,52.439999,51.869999,52.060001,177200,52.060001
2014-09-25,52.119999,52.259998,51.400002,52.060001,304400,52.060001
2014-09-24,52.490002,52.630001,52.080002,52.490002,166900,52.490002
2014-09-23,52.00,52.990002,51.700001,52.18,298600,52.18
2014-09-22,53.540001,53.830002,51.610001,52.169998,361800,52.169998
2014-09-19,54.32,54.34,53.099998,53.68,381400,53.68
2014-09-18,53.939999,54.07,53.299999,54.00,301000,54.00
2014-09-17,53.990002,53.990002,53.150002,53.560001,284500,53.560001
2014-09-16,52.490002,54.00,52.130001,53.860001,375800,53.860001
2014-09-15,56.029999,56.029999,52.599998,52.919998,736600,52.919998
2014-09-12,56.029999,56.360001,55.639999,56.09,339300,56.09
2014-09-11,54.779999,56.119999,54.049999,56.009998,487800,56.009998
2014-09-10,54.82,55.18,54.060001,54.57,207900,54.57
2014-09-09,55.799999,56.599998,54.66,55.00,305700,55.00
2014-09-08,56.650002,56.919998,55.68,56.02,318500,56.02
2014-09-05,56.720001,56.720001,55.580002,56.490002,408900,56.490002
2014-09-04,56.880001,57.130001,56.400002,56.540001,273500,56.540001
2014-09-03,60.029999,60.450001,56.490002,56.57,838800,56.57
2014-09-02,58.709999,60.540001,58.560001,59.529999,379100,59.529999
2014-08-29,58.93,59.43,58.790001,59.060001,158000,59.060001
2014-08-28,59.639999,59.810001,58.73,58.84,171600,58.84
2014-08-27,60.139999,60.220001,59.049999,60.029999,319200,60.029999
2014-08-26,60.389999,60.880001,59.529999,60.279999,267700,60.279999
2014-08-25,61.59,61.59,60.18,60.549999,248600,60.549999
2014-08-22,61.209999,61.779999,60.610001,61.290001,314900,61.290001
2014-08-21,61.669998,62.619999,61.169998,61.43,464300,61.43
2014-08-20,60.900002,61.889999,60.32,61.509998,428200,61.509998
2014-08-19,60.50,63.00,60.060001,61.349998,828800,61.349998
2014-08-18,58.740002,60.950001,58.740002,60.189999,557600,60.189999
2014-08-15,58.00,59.200001,57.52,58.32,241000,58.32
2014-08-14,58.68,59.00,57.369999,57.810001,331000,57.810001
2014-08-13,58.110001,59.50,57.540001,58.610001,436100,58.610001
2014-08-12,57.68,59.18,56.959999,57.73,435100,57.73
2014-08-11,57.16,58.580002,56.599998,57.82,541200,57.82
2014-08-08,56.919998,57.130001,56.200001,56.720001,192500,56.720001
2014-08-07,56.299999,57.150002,56.259998,56.419998,154800,56.419998
2014-08-06,55.450001,57.27,55.450001,56.389999,223400,56.389999
2014-08-05,56.369999,56.799999,55.459999,55.959999,229900,55.959999
2014-08-04,55.900002,56.59,55.709999,56.369999,311500,56.369999
2014-08-01,56.470001,57.18,55.139999,55.82,306100,55.82
2014-07-31,57.959999,58.009998,56.540001,56.720001,456700,56.720001
2014-07-30,57.740002,58.700001,57.580002,57.959999,301900,57.959999
2014-07-29,58.209999,58.740002,57.549999,57.560001,333900,57.560001
2014-07-28,54.57,58.240002,54.560001,57.810001,1025800,57.810001
2014-07-25,56.599998,57.450001,55.830002,57.400002,578400,57.400002
2014-07-24,56.799999,56.869999,55.860001,56.150002,635400,56.150002
2014-07-23,56.75,57.00,55.549999,55.990002,422800,55.990002
2014-07-22,56.00,56.630001,55.259998,56.52,354500,56.52
2014-07-21,54.779999,55.880001,54.34,55.43,389400,55.43
2014-07-18,55.220001,55.25,54.279999,54.73,366200,54.73
2014-07-17,55.48,56.189999,54.73,55.099998,302200,55.099998
2014-07-16,56.299999,56.349998,55.189999,56.009998,325900,56.009998
2014-07-15,55.759998,56.299999,54.400002,55.959999,533800,55.959999
2014-07-14,55.91,56.599998,55.369999,55.860001,343400,55.860001
2014-07-11,54.950001,55.93,54.869999,55.490002,204200,55.490002
2014-07-10,55.00,55.52,53.860001,54.880001,532700,54.880001
2014-07-09,56.119999,56.50,55.32,55.77,484800,55.77
2014-07-08,58.509998,58.939999,55.650002,56.25,526700,56.25
2014-07-07,59.290001,59.849998,58.110001,58.720001,312000,58.720001
2014-07-03,59.299999,59.98,58.529999,59.59,268300,59.59
2014-07-02,58.720001,60.18,58.52,58.84,414200,58.84
2014-07-01,58.189999,59.48,57.77,58.509998,337300,58.509998
2014-06-30,56.439999,58.450001,56.439999,57.689999,414200,57.689999
2014-06-27,56.650002,57.009998,56.299999,56.599998,220700,56.599998
2014-06-26,56.740002,56.830002,55.77,56.66,263900,56.66
2014-06-25,56.099998,56.790001,55.369999,56.529999,412500,56.529999
2014-06-24,56.349998,56.990002,55.779999,56.029999,563100,56.029999
2014-06-23,56.630001,56.689999,55.25,56.150002,425800,56.150002
2014-06-20,58.290001,58.290001,56.040001,56.619999,565300,56.619999
2014-06-19,59.330002,59.860001,57.299999,58.00,377300,58.00
2014-06-18,59.799999,60.57,58.759998,59.259998,544700,59.259998
2014-06-17,58.200001,60.650002,58.200001,59.93,679200,59.93
2014-06-16,58.549999,59.110001,57.740002,58.669998,248000,58.669998
2014-06-13,59.299999,59.400002,57.98,58.790001,251000,58.790001
2014-06-12,58.119999,59.860001,57.889999,58.91,412500,58.91
2014-06-11,56.130001,58.650002,55.799999,58.23,495200,58.23
2014-06-10,56.290001,57.110001,55.549999,56.330002,268200,56.330002
2014-06-09,55.610001,57.240002,55.27,56.209999,387200,56.209999
2014-06-06,55.380001,56.380001,54.66,55.25,462200,55.25
2014-06-05,55.200001,55.490002,54.689999,55.150002,615200,55.150002
2014-06-04,55.50,55.900002,54.66,54.959999,591000,54.959999
2014-06-03,57.799999,57.799999,55.599998,55.919998,557100,55.919998
2014-06-02,57.84,58.049999,56.84,57.900002,219500,57.900002
2014-05-30,59.349998,59.349998,57.400002,57.759998,248400,57.759998
2014-05-29,59.25,60.139999,58.50,59.419998,237000,59.419998
2014-05-28,59.509998,59.77,58.349998,59.049999,201600,59.049999
2014-05-27,59.540001,60.00,58.279999,59.459999,271600,59.459999
2014-05-23,58.50,59.50,57.25,59.450001,279100,59.450001
2014-05-22,58.209999,58.919998,57.349998,58.369999,645900,58.369999
2014-05-21,57.959999,58.43,57.619999,58.189999,232100,58.189999
2014-05-20,58.130001,58.919998,57.25,57.490002,513200,57.490002
2014-05-19,57.720001,58.349998,56.990002,58.18,320100,58.18
2014-05-16,57.860001,58.400002,56.310001,57.970001,461700,57.970001
2014-05-15,55.669998,57.959999,54.77,57.860001,563300,57.860001
2014-05-14,55.849998,57.25,55.130001,56.16,267800,56.16
2014-05-13,57.389999,58.060001,55.50,55.73,682500,55.73
2014-05-12,56.389999,57.959999,55.419998,57.630001,652000,57.630001
2014-05-09,54.650002,56.299999,54.650002,55.93,380200,55.93
2014-05-08,54.93,56.799999,54.209999,54.57,501000,54.57
2014-05-07,55.759998,56.00,53.689999,55.07,491100,55.07
2014-05-06,56.98,58.099998,56.380001,56.419998,403400,56.419998
2014-05-05,57.00,57.990002,56.73,57.389999,324200,57.389999
2014-05-02,56.669998,58.200001,56.209999,57.610001,577600,57.610001
2014-05-01,55.450001,57.25,55.450001,56.110001,426400,56.110001
2014-04-30,55.220001,55.400002,53.25,55.169998,997400,55.169998
2014-04-29,54.009998,55.93,53.630001,55.619999,758600,55.619999
2014-04-28,54.669998,55.650002,52.689999,54.099998,2155500,54.099998
2014-04-25,59.490002,60.43,57.59,58.00,694100,58.00
2014-04-24,60.990002,61.00,57.060001,59.459999,713100,59.459999
2014-04-23,62.849998,62.849998,60.700001,60.75,557800,60.75
2014-04-22,62.389999,63.75,61.59,62.880001,395800,62.880001
2014-04-21,62.25,62.400002,61.060001,62.080002,220500,62.080002
2014-04-17,61.00,61.970001,60.00,61.75,334400,61.75
2014-04-16,62.380001,62.400002,59.73,61.139999,264200,61.139999
2014-04-15,59.389999,61.810001,58.669998,61.169998,1114200,61.169998
2014-04-14,60.360001,61.700001,59.049999,59.470001,844900,59.470001
2014-04-11,60.759998,61.900002,59.18,59.509998,830100,59.509998
2014-04-10,63.740002,63.790001,60.849998,61.490002,740900,61.490002
2014-04-09,62.970001,63.889999,62.07,63.349998,707400,63.349998
2014-04-08,59.57,63.18,59.009998,62.130001,1013500,62.130001
2014-04-07,59.799999,60.75,57.669998,59.110001,849700,59.110001
2014-04-04,61.889999,62.470001,59.049999,59.939999,968000,59.939999
2014-04-03,65.00,65.349998,61.189999,61.68,978600,61.68
2014-04-02,66.50,66.690002,64.199997,64.760002,601900,64.760002
2014-04-01,65.910004,66.529999,64.919998,66.080002,466700,66.080002
2014-03-31,65.889999,67.699997,64.519997,65.089996,600800,65.089996
2014-03-28,64.010002,65.860001,63.900002,64.870003,778900,64.870003
2014-03-27,66.00,66.099998,62.709999,63.669998,1202700,63.669998
2014-03-26,69.620003,69.910004,64.029999,64.129997,1233100,64.129997
2014-03-25,67.620003,69.470001,67.00,69.129997,956600,69.129997
2014-03-24,71.059998,71.160004,66.599998,66.980003,1210500,66.980003
2014-03-21,72.010002,72.169998,70.18,70.50,999500,70.50
2014-03-20,72.870003,73.459999,71.43,71.699997,554700,71.699997
2014-03-19,73.870003,74.639999,72.690002,73.550003,364200,73.550003
2014-03-18,75.32,75.32,73.559998,73.849998,575500,73.849998
2014-03-17,73.50,75.040001,73.269997,74.779999,490500,74.779999
2014-03-14,72.510002,74.239998,71.07,73.309998,655900,73.309998
2014-03-13,76.349998,77.00,71.860001,73.00,1143100,73.00
2014-03-12,75.029999,76.50,74.529999,76.480003,675600,76.480003
2014-03-11,77.400002,79.75,76.019997,76.269997,732200,76.269997
2014-03-10,78.809998,79.959999,76.599998,77.010002,788200,77.010002
2014-03-07,83.510002,84.00,79.290001,80.290001,1077600,80.290001
2014-03-06,85.059998,87.68,83.50,83.699997,1101700,83.699997
2014-03-05,86.00,86.980003,84.580002,85.559998,524600,85.559998
2014-03-04,86.00,86.839996,85.050003,85.849998,678600,85.849998
2014-03-03,81.989998,86.809998,81.779999,85.169998,1488400,85.169998
2014-02-28,82.00,85.57,80.559998,84.989998,2187400,84.989998
2014-02-27,75.25,78.860001,74.93,78.769997,1124200,78.769997
2014-02-26,73.550003,75.50,73.550003,74.949997,436700,74.949997
2014-02-25,73.970001,74.760002,73.07,73.730003,405400,73.730003
2014-02-24,73.410004,74.93,72.300003,74.07,714300,74.07
2014-02-21,75.610001,75.610001,74.169998,75.110001,587800,75.110001
2014-02-20,74.589996,76.099998,73.800003,75.650002,513800,75.650002
2014-02-19,72.650002,75.480003,72.650002,74.599998,874800,74.599998
2014-02-18,69.93,74.099998,69.620003,74.019997,1198700,74.019997
2014-02-14,70.279999,71.00,69.580002,70.099998,361200,70.099998
2014-02-13,68.00,71.050003,68.00,70.510002,569200,70.510002
2014-02-12,68.610001,69.050003,68.050003,68.57,486200,68.57
2014-02-11,68.50,70.910004,67.660004,68.610001,1923500,68.610001
2014-02-10,66.970001,73.129997,65.190002,71.550003,3052200,71.550003
2014-02-07,71.279999,72.379997,69.800003,71.519997,1107700,71.519997
2014-02-06,68.540001,71.339996,68.040001,70.389999,683400,70.389999
2014-02-05,68.00,69.160004,67.25,67.779999,1028000,67.779999
2014-02-04,69.00,70.589996,67.599998,68.610001,1365100,68.610001
2014-02-03,72.620003,74.300003,68.720001,69.089996,802900,69.089996
2014-01-31,72.93,73.580002,72.050003,72.779999,297600,72.779999
2014-01-30,73.900002,74.639999,73.080002,73.620003,385800,73.620003
2014-01-29,72.370003,74.419998,71.470001,73.019997,523400,73.019997
2014-01-28,72.389999,75.25,72.029999,73.730003,635200,73.730003
2014-01-27,72.309998,73.440002,69.089996,71.25,736900,71.25
2014-01-24,74.00,75.419998,71.57,72.309998,828600,72.309998
2014-01-23,74.18,76.209999,73.019997,75.099998,975800,75.099998
2014-01-22,74.860001,77.379997,74.849998,76.970001,440600,76.970001
2014-01-21,77.470001,78.489998,74.68,75.519997,641900,75.519997
2014-01-17,75.699997,77.529999,74.18,76.82,665100,76.82
2014-01-16,75.50,76.220001,74.00,75.57,367100,75.57
2014-01-15,76.980003,77.50,74.809998,75.870003,490100,75.870003
2014-01-14,74.110001,76.120003,74.110001,75.949997,519600,75.949997
2014-01-13,76.239998,77.25,74.00,74.230003,576200,74.230003
2014-01-10,75.639999,77.720001,75.339996,76.540001,478300,76.540001
2014-01-09,78.839996,78.839996,75.449997,75.889999,790100,75.889999
2014-01-08,77.410004,79.82,77.00,78.550003,836100,78.550003
2014-01-07,73.900002,77.790001,73.839996,76.610001,833100,76.610001
2014-01-06,71.959999,74.82,70.919998,73.940002,847700,73.940002
2014-01-03,72.669998,73.720001,70.940002,71.959999,614300,71.959999
2014-01-02,72.440002,73.900002,71.940002,73.279999,370200,73.279999
2013-12-31,71.940002,73.00,71.910004,72.93,255700,72.93
2013-12-30,71.07,72.489998,70.400002,72.110001,387800,72.110001
2013-12-27,70.800003,71.779999,70.239998,71.07,263800,71.07
2013-12-26,72.660004,73.279999,70.470001,70.599998,483100,70.599998
2013-12-24,70.07,72.849998,69.580002,72.580002,493200,72.580002
2013-12-23,70.139999,70.970001,70.00,70.160004,285100,70.160004
2013-12-20,69.949997,70.800003,69.07,70.040001,919000,70.040001
2013-12-19,68.139999,70.660004,68.099998,69.849998,729700,69.849998
2013-12-18,67.050003,69.160004,67.010002,68.529999,768900,68.529999
2013-12-17,66.519997,67.839996,66.089996,67.260002,412700,67.260002
2013-12-16,67.370003,67.790001,65.82,66.639999,431000,66.639999
2013-12-13,67.050003,67.620003,66.360001,67.290001,412500,67.290001
2013-12-12,66.349998,67.379997,65.639999,66.330002,841200,66.330002
2013-12-11,69.489998,69.93,65.919998,66.419998,906800,66.419998
2013-12-10,67.489998,69.910004,67.300003,69.290001,832200,69.290001
2013-12-09,68.360001,69.459999,67.50,67.949997,646000,67.949997
2013-12-06,70.540001,70.959999,68.449997,68.800003,1391600,68.800003
2013-12-05,67.269997,70.440002,66.610001,70.010002,1479000,70.010002
2013-12-04,65.959999,69.150002,65.779999,67.379997,1369700,67.379997
2013-12-03,66.940002,67.870003,65.779999,66.410004,904300,66.410004
2013-12-02,67.900002,67.900002,66.010002,66.989998,680100,66.989998
2013-11-29,65.00,67.900002,64.010002,67.389999,1013200,67.389999
2013-11-27,65.339996,66.019997,64.50,64.800003,634800,64.800003
2013-11-26,64.040001,66.199997,63.630001,65.449997,518500,65.449997
2013-11-25,64.769997,65.360001,63.509998,64.209999,634900,64.209999
2013-11-22,64.089996,65.339996,63.299999,65.129997,770300,65.129997
2013-11-21,63.889999,65.169998,63.889999,64.150002,631100,64.150002
2013-11-20,63.950001,64.489998,63.200001,64.07,703100,64.07
2013-11-19,66.900002,66.900002,63.169998,63.299999,1063300,63.299999
2013-11-18,65.120003,68.730003,65.00,66.290001,1967300,66.290001
2013-11-15,66.300003,66.559998,64.480003,65.370003,1266400,65.370003
2013-11-14,65.150002,67.690002,64.639999,66.059998,1596100,66.059998
2013-11-13,63.419998,65.110001,63.299999,64.470001,675600,64.470001
2013-11-12,63.470001,64.57,63.299999,63.419998,1209300,63.419998
2013-11-11,61.549999,64.720001,61.099998,64.209999,1402800,64.209999
2013-11-08,61.75,62.389999,60.330002,60.990002,1097600,60.990002
2013-11-07,62.849998,64.220001,60.009998,61.049999,1944700,61.049999
2013-11-06,64.599998,64.900002,62.369999,62.869999,1231100,62.869999
2013-11-05,65.349998,66.010002,63.490002,64.110001,1367700,64.110001
2013-11-04,66.459999,66.830002,65.580002,66.010002,929700,66.010002
2013-11-01,66.75,67.790001,66.099998,66.470001,806700,66.470001
2013-10-31,66.269997,67.790001,65.589996,66.959999,1446000,66.959999
2013-10-30,69.129997,69.870003,65.510002,66.370003,2240400,66.370003
2013-10-29,68.839996,68.839996,66.519997,67.889999,1978000,67.889999
2013-10-28,74.110001,75.480003,67.949997,68.110001,6851000,68.110001
2013-10-25,81.82,83.00,80.080002,81.419998,1867700,81.419998
2013-10-24,81.32,82.57,80.599998,81.550003,1100700,81.550003
2013-10-23,81.620003,82.139999,79.510002,81.190002,1245800,81.190002
2013-10-22,84.18,84.790001,80.510002,82.459999,1143600,82.459999
2013-10-21,86.970001,86.989998,83.029999,83.690002,994900,83.690002
2013-10-18,83.00,86.650002,83.00,86.059998,1565500,86.059998
2013-10-17,82.470001,83.029999,81.389999,82.50,1007600,82.50
2013-10-16,80.839996,84.029999,80.839996,82.830002,1475400,82.830002
2013-10-15,82.050003,83.360001,80.480003,81.279999,1161900,81.279999
2013-10-14,81.00,82.970001,79.769997,82.559998,1134200,82.559998
2013-10-11,81.00,82.449997,80.510002,82.050003,1007600,82.050003
2013-10-10,79.699997,81.639999,79.550003,81.269997,1277200,81.269997
2013-10-09,78.709999,80.059998,75.849998,78.690002,1731400,78.690002
2013-10-08,84.660004,84.660004,77.879997,78.080002,2037000,78.080002
2013-10-07,86.00,86.389999,83.540001,83.75,1761400,83.75
2013-10-04,82.610001,87.290001,82.129997,86.699997,2151600,86.699997
2013-10-03,80.300003,82.879997,78.720001,82.580002,2298900,82.580002
2013-10-02,79.00,80.639999,78.540001,80.279999,1516800,80.279999
2013-10-01,79.599998,79.980003,77.080002,79.300003,1417600,79.300003
2013-09-30,74.889999,79.75,74.50,78.830002,2080700,78.830002
2013-09-27,76.230003,78.580002,75.110001,75.790001,1621200,75.790001
2013-09-26,74.949997,77.300003,74.300003,76.139999,1771800,76.139999
2013-09-25,72.620003,74.650002,72.300003,73.830002,1440400,73.830002
2013-09-24,72.190002,73.419998,71.50,72.150002,1017300,72.150002
2013-09-23,72.830002,74.269997,70.75,72.18,1610600,72.18
2013-09-20,75.830002,75.900002,71.510002,72.059998,3256200,72.059998
2013-09-19,75.989998,76.75,74.309998,76.540001,1767500,76.540001
2013-09-18,68.300003,76.25,68.300003,76.129997,5301600,76.129997
2013-09-17,71.32,72.00,67.25,67.760002,5472300,67.760002
2013-09-16,69.019997,69.709999,66.949997,69.610001,4923100,69.610001
2013-09-13,66.790001,67.339996,63.919998,64.75,2194100,64.75
2013-09-12,66.309998,67.50,66.199997,67.349998,1514200,67.349998
2013-09-11,65.00,66.870003,65.00,66.139999,725200,66.139999
2013-09-10,64.57,65.589996,64.099998,65.410004,858100,65.410004
2013-09-09,66.940002,67.800003,63.740002,64.550003,1482200,64.550003
2013-09-06,66.00,66.980003,65.050003,66.370003,531200,66.370003
2013-09-05,66.889999,67.730003,65.610001,65.959999,1005800,65.959999
2013-09-04,63.900002,66.629997,63.299999,66.339996,1311600,66.339996
2013-09-03,63.00,63.93,62.560001,63.400002,822700,63.400002
2013-08-30,63.490002,63.490002,61.330002,62.27,860300,62.27
2013-08-29,63.900002,64.540001,63.25,63.439999,1065300,63.439999
2013-08-28,61.00,64.209999,61.00,63.400002,1590700,63.400002
2013-08-27,61.00,61.279999,59.950001,60.610001,508400,60.610001
2013-08-26,62.00,62.299999,60.419998,61.330002,690400,61.330002
2013-08-23,62.09,62.509998,61.959999,62.299999,518100,62.299999
2013-08-22,61.380001,62.75,61.380001,62.200001,636600,62.200001
2013-08-21,59.98,61.799999,59.98,61.040001,675700,61.040001
2013-08-20,60.50,60.990002,59.52,60.02,603300,60.02
2013-08-19,61.290001,61.540001,60.27,60.900002,587900,60.900002
2013-08-16,60.34,62.00,60.00,61.060001,718500,61.060001
2013-08-15,61.990002,62.389999,59.810001,60.09,1890300,60.09
2013-08-14,61.23,62.810001,60.84,61.599998,887500,61.599998
2013-08-13,64.68,65.50,60.50,61.32,1927400,61.32
2013-08-12,62.25,64.760002,62.200001,64.540001,1084600,64.540001
2013-08-09,62.00,62.990002,61.549999,61.970001,857900,61.970001
2013-08-08,60.200001,62.18,60.200001,61.450001,846200,61.450001
2013-08-07,61.060001,61.650002,59.639999,59.939999,974500,59.939999
2013-08-06,63.150002,63.66,60.82,61.549999,1272500,61.549999
2013-08-05,62.41,63.790001,62.009998,63.060001,1154700,63.060001
2013-08-02,64.529999,64.68,61.779999,62.639999,938600,62.639999
2013-08-01,63.50,65.269997,63.400002,64.169998,1206800,64.169998
2013-07-31,62.880001,63.220001,62.200001,62.470001,656000,62.470001
2013-07-30,63.720001,63.900002,62.169998,62.860001,978700,62.860001
2013-07-29,66.50,66.949997,62.290001,63.049999,3571400,63.049999
2013-07-26,67.559998,70.629997,67.559998,70.00,1494500,70.00
2013-07-25,68.900002,69.300003,67.160004,68.309998,1139900,68.309998
2013-07-24,67.50,67.889999,65.559998,67.32,1140600,67.32
2013-07-23,67.690002,68.199997,66.919998,67.489998,859700,67.489998
2013-07-22,69.00,69.400002,66.839996,67.690002,954800,67.690002
2013-07-19,69.019997,69.190002,67.599998,68.730003,1291800,68.730003
2013-07-18,66.519997,69.660004,66.519997,68.099998,1781900,68.099998
2013-07-17,65.400002,66.650002,64.650002,66.410004,778900,66.410004
2013-07-16,66.330002,67.099998,64.629997,64.879997,983400,64.879997
2013-07-15,65.620003,66.889999,65.32,66.129997,636900,66.129997
2013-07-12,65.660004,65.709999,64.00,65.18,937600,65.18
2013-07-11,66.489998,66.489998,65.370003,65.669998,616000,65.669998
2013-07-10,66.00,66.529999,64.650002,65.160004,577300,65.160004
2013-07-09,66.989998,68.309998,65.580002,65.790001,905400,65.790001
2013-07-08,64.18,67.989998,64.00,66.400002,1652500,66.400002
2013-07-05,62.09,64.220001,61.369999,64.129997,911200,64.129997
2013-07-03,61.110001,62.16,60.630001,61.790001,424900,61.790001
2013-07-02,62.200001,62.450001,60.43,61.299999,786800,61.299999
2013-07-01,63.970001,63.990002,61.880001,62.200001,967500,62.200001
2013-06-28,61.540001,61.990002,60.130001,61.619999,498400,61.619999
2013-06-27,61.139999,62.389999,60.880001,61.490002,662100,61.490002
2013-06-26,60.00,60.779999,59.310001,59.939999,691600,59.939999
2013-06-25,59.060001,59.950001,58.02,59.02,1103600,59.02
2013-06-24,61.880001,61.880001,58.25,58.900002,1233400,58.900002
2013-06-21,64.410004,64.410004,62.279999,62.68,979400,62.68
2013-06-20,65.949997,65.949997,63.369999,64.360001,1074200,64.360001
2013-06-19,65.940002,67.709999,65.599998,66.489998,681200,66.489998
2013-06-18,65.839996,67.760002,65.839996,66.260002,632000,66.260002
2013-06-17,65.129997,66.809998,64.900002,66.309998,739400,66.309998
2013-06-14,63.889999,65.580002,63.889999,64.879997,927300,64.879997
2013-06-13,63.639999,64.059998,62.689999,63.810001,459500,63.810001
2013-06-12,64.699997,65.360001,63.650002,64.099998,366200,64.099998
2013-06-11,65.25,66.269997,64.360001,64.580002,516200,64.580002
2013-06-10,66.050003,66.68,64.699997,66.370003,513300,66.370003
2013-06-07,63.470001,66.379997,63.470001,66.00,1163100,66.00
2013-06-06,61.869999,63.830002,61.810001,63.43,575200,63.43
2013-06-05,61.939999,63.00,61.029999,61.759998,979500,61.759998
2013-06-04,63.25,63.369999,61.00,61.59,1137400,61.59
2013-06-03,64.580002,64.889999,62.799999,63.529999,592600,63.529999
2013-05-31,63.900002,66.150002,63.810001,64.18,635000,64.18
2013-05-30,64.00,64.849998,63.759998,64.089996,382800,64.089996
2013-05-29,64.489998,64.550003,63.50,63.919998,443100,63.919998
2013-05-28,64.620003,66.18,64.220001,64.300003,767800,64.300003
2013-05-24,63.91,64.379997,63.200001,64.120003,400800,64.120003
2013-05-23,62.50,64.18,61.400002,63.810001,677100,63.810001
2013-05-22,67.599998,67.610001,64.199997,64.459999,690100,64.459999
2013-05-21,67.169998,68.580002,65.010002,67.199997,1101100,67.199997
2013-05-20,63.27,67.75,62.91,67.57,1776400,67.57
2013-05-17,62.59,64.75,62.48,63.00,1725500,63.00
2013-05-16,62.59,63.23,61.07,61.25,1422900,61.25
2013-05-15,63.369999,65.129997,61.669998,62.16,1385100,62.16
2013-05-14,63.200001,66.139999,62.549999,65.699997,1467900,65.699997
2013-05-13,60.450001,64.269997,60.240002,63.200001,1819700,63.200001
2013-05-10,57.25,61.48,57.02,60.700001,1321100,60.700001
2013-05-09,57.50,57.98,56.049999,57.040001,1106700,57.040001
2013-05-08,53.799999,57.889999,53.779999,57.669998,1358600,57.669998
2013-05-07,53.75,54.099998,53.18,53.810001,670100,53.810001
2013-05-06,52.189999,54.540001,52.07,53.720001,988300,53.720001
2013-05-03,51.599998,52.209999,51.049999,52.040001,569900,52.040001
2013-05-02,50.459999,51.869999,50.419998,51.43,647700,51.43
2013-05-01,50.98,51.439999,50.16,50.990002,363000,50.990002
2013-04-30,50.799999,51.490002,50.240002,51.439999,686800,51.439999
2013-04-29,52.360001,52.689999,49.740002,50.66,1401900,50.66
2013-04-26,50.400002,50.939999,49.150002,50.77,902000,50.77
2013-04-25,49.509998,50.799999,49.299999,50.299999,952900,50.299999
2013-04-24,49.00,49.990002,48.049999,49.099998,832400,49.099998
2013-04-23,48.650002,49.00,48.310001,48.919998,546200,48.919998
2013-04-22,48.34,48.98,46.849998,48.759998,437900,48.759998
2013-04-19,48.970001,49.369999,47.900002,47.98,192200,47.98
2013-04-18,47.209999,49.00,47.18,48.599998,641200,48.599998
2013-04-17,47.299999,47.98,46.240002,46.98,397500,46.98
2013-04-16,47.00,47.66,46.419998,47.509998,223500,47.509998
2013-04-15,47.41,47.889999,46.389999,46.419998,549900,46.419998
2013-04-12,47.07,48.360001,47.009998,48.040001,335100,48.040001
2013-04-11,47.509998,48.130001,47.09,47.130001,363400,47.130001
2013-04-10,47.07,48.34,46.900002,47.650002,469400,47.650002
2013-04-09,46.610001,46.849998,45.849998,46.740002,371600,46.740002
2013-04-08,46.849998,47.150002,45.919998,46.439999,287300,46.439999
2013-04-05,46.599998,47.279999,45.849998,47.040001,423200,47.040001
2013-04-04,47.830002,48.23,47.470001,47.93,197300,47.93
2013-04-03,48.59,48.59,47.639999,48.040001,239900,48.040001
2013-04-02,48.50,48.799999,47.689999,48.18,349400,48.18
2013-04-01,49.48,49.490002,47.93,48.119999,370800,48.119999
2013-03-28,48.799999,50.25,48.68,49.610001,368300,49.610001
2013-03-27,49.040001,49.299999,48.360001,48.830002,325200,48.830002
2013-03-26,49.23,49.599998,48.68,49.220001,496800,49.220001
2013-03-25,48.790001,49.23,48.189999,49.150002,794100,49.150002
2013-03-22,48.709999,49.07,48.419998,48.419998,355000,48.419998
2013-03-21,48.259998,49.00,48.049999,48.639999,674900,48.639999
2013-03-20,47.50,48.790001,47.360001,48.240002,688200,48.240002
2013-03-19,46.619999,47.799999,46.52,47.060001,639200,47.060001
2013-03-18,45.040001,47.119999,44.470001,46.610001,726600,46.610001
2013-03-15,45.02,45.830002,45.02,45.759998,550600,45.759998
2013-03-14,45.419998,45.790001,45.07,45.25,487900,45.25
2013-03-13,45.009998,45.450001,44.779999,45.41,503000,45.41
2013-03-12,45.400002,45.470001,44.75,45.099998,360800,45.099998
2013-03-11,44.560001,45.75,44.540001,45.540001,495900,45.540001
2013-03-08,44.630001,45.150002,44.630001,44.860001,672300,44.860001
2013-03-07,43.93,44.939999,43.720001,44.459999,769800,44.459999
2013-03-06,44.73,45.939999,43.240002,43.439999,2060400,43.439999
2013-03-05,44.07,49.68,39.790001,48.84,3913800,48.84
2013-03-04,43.459999,44.209999,43.23,43.639999,405800,43.639999
2013-03-01,44.040001,44.790001,43.490002,43.759998,723600,43.759998
2013-02-28,45.43,45.650002,44.439999,44.639999,362600,44.639999
2013-02-27,45.279999,45.639999,44.959999,45.310001,277500,45.310001
2013-02-26,45.009998,46.220001,45.009998,45.25,374100,45.25
2013-02-25,46.299999,46.32,45.27,45.279999,404200,45.279999
2013-02-22,46.50,46.889999,45.18,45.93,568100,45.93
2013-02-21,47.009998,47.41,46.00,46.34,549600,46.34
2013-02-20,47.59,48.799999,46.919998,47.009998,646800,47.009998
2013-02-19,47.00,47.599998,46.950001,47.099998,493000,47.099998
2013-02-15,47.080002,47.490002,46.610001,46.810001,402000,46.810001
2013-02-14,45.950001,47.439999,45.950001,47.060001,430300,47.060001
2013-02-13,45.700001,46.09,45.610001,45.919998,359400,45.919998
2013-02-12,45.880001,46.099998,45.650002,45.790001,233800,45.790001
2013-02-11,45.970001,46.32,45.619999,45.889999,341200,45.889999
2013-02-08,45.950001,46.330002,45.540001,45.93,356600,45.93
2013-02-07,46.700001,46.950001,45.650002,45.860001,486400,45.860001
2013-02-06,45.380001,46.880001,45.189999,46.689999,555600,46.689999
2013-02-05,45.439999,46.16,45.009998,45.799999,664400,45.799999
2013-02-04,49.009998,49.389999,45.799999,46.490002,1445300,46.490002
2013-02-01,48.349998,49.50,47.290001,49.220001,714100,49.220001
2013-01-31,47.919998,48.200001,47.509998,47.880001,307700,47.880001
2013-01-30,48.50,48.77,47.84,48.029999,378600,48.029999
2013-01-29,49.630001,49.630001,48.330002,48.470001,367300,48.470001
2013-01-28,49.50,49.75,48.700001,49.419998,471400,49.419998
2013-01-25,50.57,50.68,49.200001,49.290001,748200,49.290001
2013-01-24,49.639999,50.68,49.560001,50.259998,577700,50.259998
2013-01-23,49.279999,50.400002,49.099998,49.82,586700,49.82
2013-01-22,48.00,49.110001,47.98,49.110001,437000,49.110001
2013-01-18,48.189999,48.400002,47.639999,48.279999,488800,48.279999
2013-01-17,49.07,49.07,47.75,47.779999,555700,47.779999
2013-01-16,48.799999,49.25,48.75,48.799999,434400,48.799999
2013-01-15,48.700001,49.490002,48.59,48.880001,383000,48.880001
2013-01-14,48.299999,49.200001,48.299999,48.849998,527300,48.849998
2013-01-11,47.75,48.830002,47.110001,48.220001,695900,48.220001
2013-01-10,47.119999,48.450001,46.790001,47.939999,674100,47.939999
2013-01-09,46.700001,47.189999,46.389999,46.700001,385300,46.700001
2013-01-08,47.799999,48.07,46.43,46.450001,535600,46.450001
2013-01-07,48.07,48.09,47.349998,47.82,360000,47.82
2013-01-04,47.799999,48.139999,47.07,47.900002,432600,47.900002
2013-01-03,48.099998,48.43,47.689999,47.75,481500,47.75
2013-01-02,48.09,49.700001,47.790001,47.990002,896000,47.990002
2012-12-31,46.470001,47.880001,46.470001,47.34,765500,47.34
2012-12-28,45.029999,46.689999,44.82,46.470001,870900,46.470001
2012-12-27,44.75,45.25,44.360001,45.16,566400,45.16
2012-12-26,43.610001,45.099998,43.080002,44.619999,502400,44.619999
2012-12-24,44.240002,44.240002,42.799999,43.470001,371800,43.470001
2012-12-21,43.00,44.650002,42.599998,44.48,782300,44.48
2012-12-20,44.049999,44.470001,43.25,44.049999,705800,44.049999
2012-12-19,44.509998,44.779999,44.00,44.049999,827800,44.049999
2012-12-18,43.900002,44.459999,43.540001,44.139999,789000,44.139999
2012-12-17,42.48,44.18,42.48,43.91,889400,43.91
2012-12-14,40.349998,42.950001,40.349998,42.240002,959200,42.240002
2012-12-13,40.369999,41.639999,40.080002,40.869999,711800,40.869999
2012-12-12,39.34,41.200001,39.23,40.450001,883900,40.450001
2012-12-11,38.439999,39.439999,38.02,39.259998,384200,39.259998
2012-12-10,37.59,38.66,37.509998,38.25,454300,38.25
2012-12-07,38.779999,38.779999,37.52,37.779999,978000,37.779999
2012-12-06,38.299999,38.950001,38.009998,38.82,444600,38.82
2012-12-05,38.50,38.599998,37.91,38.099998,365800,38.099998
2012-12-04,39.639999,39.810001,37.450001,38.23,793000,38.23
2012-12-03,39.900002,40.18,39.52,39.580002,170200,39.580002
2012-11-30,39.93,40.00,39.400002,39.830002,271600,39.830002
2012-11-29,39.740002,40.02,39.240002,39.700001,476500,39.700001
2012-11-28,39.25,39.849998,38.619999,39.759998,264300,39.759998
2012-11-27,38.360001,40.080002,38.099998,39.540001,737500,39.540001
2012-11-26,37.75,38.599998,37.41,38.48,498500,38.48
2012-11-23,37.349998,37.880001,37.119999,37.880001,290900,37.880001
2012-11-21,36.720001,37.50,36.720001,37.049999,390800,37.049999
2012-11-20,36.310001,37.080002,36.310001,36.720001,384000,36.720001
2012-11-19,36.52,37.23,36.349998,36.490002,711700,36.490002
2012-11-16,36.939999,36.98,34.84,36.00,1247100,36.00
2012-11-15,37.98,37.98,36.75,37.34,479200,37.34
2012-11-14,38.799999,39.349998,37.709999,37.790001,586600,37.790001
2012-11-13,39.66,39.900002,38.59,38.900002,632800,38.900002
2012-11-12,40.310001,40.599998,40.099998,40.279999,277700,40.279999
2012-11-09,40.00,40.66,40.00,40.029999,293400,40.029999
2012-11-08,40.18,40.990002,40.00,40.02,252000,40.02
2012-11-07,40.060001,40.529999,39.900002,40.169998,401900,40.169998
2012-11-06,40.650002,41.27,40.32,40.619999,536100,40.619999
2012-11-05,42.459999,42.740002,40.34,40.540001,1869200,40.540001
2012-11-02,40.25,40.25,39.00,40.029999,815000,40.029999
2012-11-01,38.00,40.32,38.00,39.98,661000,39.98
2012-10-31,37.830002,38.330002,37.759998,37.959999,412600,37.959999
2012-10-26,38.610001,38.880001,37.98,38.580002,256100,38.580002
2012-10-25,38.93,39.16,38.400002,38.689999,165100,38.689999
2012-10-24,38.41,39.220001,38.41,38.549999,296100,38.549999
2012-10-23,37.75,38.75,37.50,38.400002,304400,38.400002
2012-10-22,38.200001,38.720001,37.93,38.080002,284500,38.080002
2012-10-19,38.84,39.490002,38.130001,38.439999,368800,38.439999
2012-10-18,39.57,40.439999,39.040001,39.310001,277600,39.310001
2012-10-17,39.50,40.080002,39.00,39.75,220000,39.75
2012-10-16,39.150002,39.380001,38.720001,39.279999,433000,39.279999
2012-10-15,39.720001,39.82,38.669998,39.27,278400,39.27
2012-10-12,40.299999,40.43,39.299999,39.610001,203900,39.610001
2012-10-11,39.75,40.540001,39.66,40.169998,214400,40.169998
2012-10-10,39.549999,40.25,39.18,39.810001,271500,39.810001
2012-10-09,40.369999,40.91,39.389999,39.580002,524700,39.580002
2012-10-08,40.380001,41.34,40.27,40.700001,311100,40.700001
2012-10-05,40.990002,41.50,40.799999,40.939999,289100,40.939999
2012-10-04,41.09,41.41,40.639999,40.959999,270700,40.959999
2012-10-03,41.630001,41.790001,40.669998,40.93,282700,40.93
2012-10-02,41.540001,41.560001,40.889999,41.470001,187000,41.470001
2012-10-01,42.419998,42.540001,41.009998,41.330002,442500,41.330002
2012-09-28,41.639999,42.349998,41.52,42.09,419700,42.09
2012-09-27,41.869999,42.099998,40.790001,41.830002,695700,41.830002
2012-09-26,41.139999,41.900002,40.41,41.279999,558000,41.279999
2012-09-25,42.57,42.900002,41.25,41.380001,493700,41.380001
2012-09-24,41.360001,42.52,41.299999,42.290001,532100,42.290001
2012-09-21,42.119999,42.669998,41.220001,41.75,838700,41.75
2012-09-20,42.849998,42.990002,41.650002,42.110001,650400,42.110001
2012-09-19,43.099998,43.68,42.959999,43.34,412300,43.34
2012-09-18,43.32,43.900002,42.68,43.080002,203700,43.080002
2012-09-17,44.50,44.50,42.93,43.389999,384900,43.389999
2012-09-14,43.110001,44.50,43.040001,44.279999,919200,44.279999
2012-09-13,42.360001,43.18,42.139999,43.040001,572900,43.040001
2012-09-12,42.490002,43.18,42.220001,42.50,649900,42.50
2012-09-11,40.650002,41.459999,40.639999,41.00,325100,41.00
2012-09-10,42.200001,42.82,40.450001,40.599998,418400,40.599998
2012-09-07,41.689999,43.099998,41.459999,42.360001,895200,42.360001
2012-09-06,40.119999,41.939999,39.720001,41.09,629200,41.09
2012-09-05,39.619999,40.23,39.009998,39.630001,421600,39.630001
2012-09-04,39.029999,39.91,38.380001,39.700001,605300,39.700001
2012-08-31,39.450001,39.990002,38.900002,39.169998,496100,39.169998
2012-08-30,39.990002,40.740002,39.209999,39.290001,659500,39.290001
2012-08-29,40.77,41.400002,40.02,40.220001,653100,40.220001
2012-08-28,40.84,41.299999,39.860001,40.900002,637000,40.900002
2012-08-27,43.630001,43.630001,41.040001,41.209999,1085500,41.209999
2012-08-24,41.689999,44.200001,41.650002,43.150002,2122200,43.150002
2012-08-23,42.59,43.060001,41.400002,41.84,1451800,41.84
2012-08-22,39.700001,42.98,39.27,42.369999,1691600,42.369999
2012-08-21,39.869999,40.50,39.599998,39.810001,780100,39.810001
2012-08-20,40.560001,40.959999,39.029999,39.919998,1087800,39.919998
2012-08-17,40.990002,41.669998,40.450001,40.630001,553400,40.630001
2012-08-16,40.419998,42.810001,40.220001,41.00,1322700,41.00
2012-08-15,38.900002,39.759998,38.849998,39.330002,363700,39.330002
2012-08-14,39.34,39.50,38.709999,39.029999,318400,39.029999
2012-08-13,40.00,40.00,38.299999,39.119999,582700,39.119999
2012-08-10,39.619999,39.900002,38.849998,39.189999,487800,39.189999
2012-08-09,39.279999,40.599998,39.200001,40.130001,624800,40.130001
2012-08-08,39.779999,40.139999,39.32,39.540001,675700,39.540001
2012-08-07,41.220001,41.220001,39.77,40.18,1131100,40.18
2012-08-06,38.330002,41.919998,37.50,40.860001,3143500,40.860001
2012-08-03,35.630001,36.099998,34.52,34.700001,1048000,34.700001
2012-08-02,35.00,35.869999,34.849998,35.07,604400,35.07
2012-08-01,35.080002,35.509998,34.599998,35.299999,439200,35.299999
2012-07-31,34.939999,35.450001,34.529999,35.049999,561200,35.049999
2012-07-30,35.84,36.25,34.150002,34.849998,835100,34.849998
2012-07-27,34.110001,36.25,33.900002,35.959999,858100,35.959999
2012-07-26,34.349998,34.50,33.889999,34.049999,430700,34.049999
2012-07-25,33.919998,34.66,33.900002,33.990002,434000,33.990002
2012-07-24,34.75,34.860001,33.75,33.939999,909900,33.939999
2012-07-23,34.84,34.84,33.75,33.91,1022800,33.91
2012-07-20,35.740002,36.00,35.07,35.43,585500,35.43
2012-07-19,36.189999,36.630001,36.00,36.130001,874600,36.130001
2012-07-18,35.369999,36.52,35.110001,36.049999,1727500,36.049999
2012-07-17,37.099998,37.18,34.919998,35.689999,2279600,35.689999
2012-07-16,38.700001,38.990002,37.049999,37.23,889400,37.23
2012-07-13,39.880001,40.099998,38.860001,38.990002,394800,38.990002
2012-07-12,38.459999,39.93,38.299999,39.619999,602600,39.619999
2012-07-11,40.48,41.490002,38.299999,39.330002,1508500,39.330002
2012-07-10,39.799999,40.50,39.799999,40.049999,355100,40.049999
2012-07-09,41.029999,41.220001,39.779999,40.02,631800,40.02
2012-07-06,42.599998,42.610001,40.709999,41.470001,699400,41.470001
2012-07-05,43.18,43.509998,42.57,43.080002,502100,43.080002
2012-07-03,42.799999,43.82,42.049999,43.259998,458000,43.259998
2012-07-02,44.959999,44.990002,42.119999,42.759998,679700,42.759998
2012-06-29,43.00,44.900002,42.50,44.639999,879400,44.639999
2012-06-28,42.07,42.580002,40.900002,41.810001,749200,41.810001
2012-06-27,40.599998,42.700001,40.549999,42.400002,764700,42.400002
2012-06-26,41.119999,41.200001,39.900002,40.419998,969100,40.419998
2012-06-25,40.50,40.889999,39.709999,40.080002,645800,40.080002
2012-06-22,40.990002,41.669998,40.50,40.970001,559900,40.970001
2012-06-21,42.00,42.23,40.52,40.75,599000,40.75
2012-06-20,43.169998,43.240002,41.880001,42.110001,615200,42.110001
2012-06-19,43.43,43.790001,42.869999,43.310001,501100,43.310001
2012-06-18,43.419998,43.419998,42.549999,42.939999,737300,42.939999
2012-06-15,43.419998,43.799999,43.099998,43.619999,640200,43.619999
2012-06-14,44.00,44.189999,42.529999,43.080002,712300,43.080002
2012-06-13,44.400002,44.400002,43.66,43.959999,375500,43.959999
2012-06-12,45.290001,45.57,44.040001,44.630001,380400,44.630001
2012-06-11,46.009998,46.349998,44.990002,45.099998,582200,45.099998
2012-06-08,45.549999,45.84,44.799999,45.32,542900,45.32
2012-06-07,46.619999,47.310001,45.599998,45.91,701800,45.91
2012-06-06,44.419998,46.029999,44.369999,45.919998,658900,45.919998
2012-06-05,41.950001,44.650002,41.950001,44.07,627300,44.07
2012-06-04,42.77,42.990002,41.689999,42.439999,491400,42.439999
2012-06-01,43.27,43.490002,42.450001,42.700001,565400,42.700001
2012-05-31,44.740002,44.740002,42.709999,44.439999,537100,44.439999
2012-05-30,44.669998,45.209999,43.560001,44.77,424600,44.77
2012-05-29,44.23,45.919998,44.23,45.470001,785300,45.470001
2012-05-25,44.400002,44.849998,43.689999,43.84,214200,43.84
2012-05-24,44.849998,44.919998,43.849998,44.400002,449200,44.400002
2012-05-23,43.110001,44.970001,42.599998,44.84,580000,44.84
2012-05-22,44.290001,44.75,43.099998,43.66,512500,43.66
2012-05-21,42.099998,44.50,41.18,44.290001,1028800,44.290001
2012-05-18,44.259998,44.259998,41.799999,41.939999,885600,41.939999
2012-05-17,43.689999,44.560001,43.150002,43.169998,617300,43.169998
2012-05-16,44.919998,45.540001,43.98,44.130001,543300,44.130001
2012-05-15,44.540001,45.02,43.560001,43.790001,690200,43.790001
2012-05-14,45.279999,45.66,44.279999,44.540001,760300,44.540001
2012-05-11,45.799999,46.59,45.68,45.75,791500,45.75
2012-05-10,47.77,47.900002,46.02,46.09,537000,46.09
2012-05-09,46.970001,47.950001,46.09,47.400002,533500,47.400002
2012-05-08,46.610001,48.080002,45.619999,47.470001,623400,47.470001
2012-05-07,46.779999,47.220001,46.619999,46.889999,521000,46.889999
2012-05-04,48.18,48.700001,47.040001,47.200001,1021800,47.200001
2012-05-03,49.98,50.470001,48.16,48.41,1257900,48.41
2012-05-02,50.169998,50.709999,49.279999,49.73,1051400,49.73
2012-05-01,51.599998,51.700001,50.290001,50.299999,1210300,50.299999
2012-04-30,50.50,53.279999,50.119999,51.57,2445900,51.57
2012-04-27,54.299999,56.450001,53.369999,55.759998,1919300,55.759998
2012-04-26,51.880001,54.00,51.560001,53.919998,1071200,53.919998
2012-04-25,51.34,52.369999,50.139999,52.099998,644700,52.099998
2012-04-24,50.259998,51.720001,50.130001,50.959999,633300,50.959999
2012-04-23,50.02,50.50,49.799999,50.09,730400,50.09
2012-04-20,51.279999,51.700001,51.02,51.279999,501200,51.279999
2012-04-19,50.77,52.060001,50.610001,50.959999,373700,50.959999
2012-04-18,51.099998,52.389999,50.560001,50.830002,413900,50.830002
2012-04-17,50.98,52.23,50.759998,51.27,690500,51.27
2012-04-16,52.849998,52.880001,50.450001,50.639999,701100,50.639999
2012-04-13,52.560001,53.189999,51.799999,52.549999,684800,52.549999
2012-04-12,51.34,53.43,51.099998,52.849998,1271100,52.849998
2012-04-11,50.41,51.049999,50.040001,50.939999,925300,50.939999
2012-04-10,51.240002,52.169998,49.049999,49.419998,1194000,49.419998
2012-04-09,51.259998,52.360001,50.669998,51.060001,936900,51.060001
2012-04-05,51.610001,52.720001,51.310001,51.939999,515400,51.939999
2012-04-04,52.900002,53.360001,51.220001,51.82,948900,51.82
2012-04-03,54.349998,55.389999,53.209999,53.619999,964600,53.619999
2012-04-02,54.279999,55.830002,54.16,54.23,1117600,54.23
2012-03-30,55.130001,56.630001,54.560001,55.169998,1113100,55.169998
2012-03-29,55.02,55.400002,53.41,54.450001,1423600,54.450001
2012-03-28,58.009998,58.919998,55.200001,55.950001,1870100,55.950001
2012-03-27,57.380001,59.490002,56.50,58.240002,2151000,58.240002
2012-03-26,55.66,57.490002,54.369999,56.849998,1886000,56.849998
2012-03-23,55.290001,55.75,53.700001,54.880001,665900,54.880001
2012-03-22,54.810001,55.599998,54.220001,54.759998,818100,54.759998
2012-03-21,56.619999,57.709999,55.099998,55.669998,1155500,55.669998
2012-03-20,53.200001,56.790001,52.009998,56.240002,2240700,56.240002
2012-03-19,54.00,55.099998,52.700001,53.580002,1454200,53.580002
2012-03-16,51.040001,53.970001,50.91,53.880001,2054200,53.880001
2012-03-15,52.07,52.75,50.75,51.049999,1308300,51.049999
2012-03-14,54.200001,54.200001,51.18,51.619999,2116800,51.619999
2012-03-13,50.459999,53.779999,50.330002,53.619999,3858600,53.619999
2012-03-12,51.169998,53.23,49.400002,49.610001,2634200,49.610001
2012-03-09,49.200001,50.48,48.900002,49.299999,951000,49.299999
2012-03-08,48.91,49.349998,48.43,48.950001,710100,48.950001
2012-03-07,48.040001,48.400002,47.400002,48.07,1140100,48.07
2012-03-06,49.459999,49.490002,47.00,47.07,1766400,47.07
2012-03-05,51.75,52.18,50.060001,50.18,805900,50.18
2012-03-02,50.759998,53.50,50.540001,51.889999,1739000,51.889999
2012-03-01,49.82,51.119999,49.060001,50.419998,1171500,50.419998
2012-02-29,50.779999,50.84,49.200001,49.34,1087200,49.34
2012-02-28,49.299999,51.849998,49.009998,50.57,1735200,50.57
2012-02-27,48.349998,49.330002,48.349998,49.040001,781100,49.040001
2012-02-24,49.00,49.00,48.200001,48.919998,580000,48.919998
2012-02-23,48.34,49.279999,48.049999,48.779999,697700,48.779999
2012-02-22,49.009998,49.279999,48.32,48.540001,877300,48.540001
2012-02-21,50.200001,50.34,48.540001,48.93,1332200,48.93
2012-02-17,51.599998,51.650002,50.209999,50.299999,889400,50.299999
2012-02-16,50.82,51.32,50.139999,51.200001,1055400,51.200001
2012-02-15,50.790001,51.439999,50.450001,50.689999,1292800,50.689999
2012-02-14,51.029999,51.470001,50.049999,50.419998,1252700,50.419998
2012-02-13,51.630001,52.169998,50.580002,51.02,1331700,51.02
2012-02-10,50.130001,51.52,49.540001,50.93,1903500,50.93
2012-02-09,51.689999,52.740002,50.41,50.900002,2404200,50.900002
2012-02-08,52.18,53.599998,51.700001,51.84,2990500,51.84
2012-02-07,52.91,53.099998,51.50,51.59,3553700,51.59
2012-02-06,54.470001,55.25,52.169998,53.41,7400200,53.41
2012-02-03,62.16,63.360001,61.52,63.049999,1917600,63.049999
2012-02-02,61.57,63.279999,60.50,61.369999,1708500,61.369999
2012-02-01,60.00,61.110001,59.07,60.790001,1993800,60.790001
2012-01-31,61.57,61.93,58.880001,59.610001,1744900,59.610001
2012-01-30,63.259998,63.50,61.040001,61.82,1352600,61.82
2012-01-27,60.130001,65.419998,59.560001,64.239998,1562400,64.239998
2012-01-26,61.50,62.669998,59.50,60.41,962800,60.41
2012-01-25,60.560001,61.57,59.369999,61.130001,713200,61.130001
2012-01-24,59.470001,60.48,58.709999,60.369999,752400,60.369999
2012-01-23,58.919998,60.990002,58.919998,60.220001,1346700,60.220001
2012-01-20,58.509998,59.939999,58.18,59.400002,914600,59.400002
2012-01-19,57.900002,59.830002,56.07,59.650002,1373400,59.650002
2012-01-18,57.50,57.720001,56.450001,57.110001,1008700,57.110001
2012-01-17,57.700001,58.970001,57.119999,57.50,1363300,57.50
2012-01-13,53.279999,56.02,53.279999,55.93,1421200,55.93
2012-01-12,53.790001,54.790001,52.549999,54.540001,1317900,54.540001
2012-01-11,52.439999,53.830002,51.650002,52.950001,1010200,52.950001
2012-01-10,49.77,52.889999,49.77,52.43,2876000,52.43
2012-01-09,49.450001,50.450001,47.849998,48.740002,1123800,48.740002
2012-01-06,51.34,52.16,49.040001,49.220001,1234100,49.220001
2012-01-05,50.75,51.50,49.799999,50.939999,712400,50.939999
2012-01-04,52.049999,52.049999,50.09,50.52,1015800,50.52
2012-01-03,51.029999,53.380001,51.00,52.02,1278800,52.02
2011-12-30,49.540001,50.709999,49.23,50.00,710600,50.00
2011-12-29,49.369999,49.880001,47.619999,49.799999,779400,49.799999
2011-12-28,50.669998,50.73,48.610001,48.98,768400,48.98
2011-12-27,50.73,51.700001,50.240002,50.52,597500,50.52
2011-12-23,50.84,52.07,50.599998,50.84,586100,50.84
2011-12-22,48.560001,51.650002,48.50,50.900002,1038200,50.900002
2011-12-21,48.549999,48.93,47.110001,48.580002,876900,48.580002
2011-12-20,47.669998,49.619999,47.060001,49.330002,1055900,49.330002
2011-12-19,48.439999,48.900002,46.529999,46.82,1139700,46.82
2011-12-16,46.439999,48.43,46.060001,48.18,1557300,48.18
2011-12-15,46.50,47.049999,45.400002,46.380001,1381600,46.380001
2011-12-14,47.09,47.299999,45.459999,45.810001,1524000,45.810001
2011-12-13,50.240002,50.450001,47.349998,47.700001,1450700,47.700001
2011-12-12,50.970001,51.02,49.610001,50.220001,795000,50.220001
2011-12-09,50.349998,52.490002,49.400002,52.400002,718300,52.400002
2011-12-08,51.84,52.689999,49.919998,50.119999,811300,50.119999
2011-12-07,51.82,52.419998,50.610001,52.240002,866700,52.240002
2011-12-06,52.790001,53.330002,51.139999,52.040001,1216800,52.040001
2011-12-05,52.16,54.549999,51.599998,52.619999,1766100,52.619999
2011-12-02,51.689999,52.450001,50.700001,50.990002,1799100,50.990002
2011-12-01,49.259998,52.869999,49.259998,50.400002,3586100,50.400002
2011-11-30,50.50,50.50,48.75,49.439999,1551700,49.439999
2011-11-29,48.049999,49.32,47.389999,48.049999,1517600,48.049999
2011-11-28,50.189999,50.189999,46.84,47.77,2067100,47.77
2011-11-25,47.900002,49.470001,47.849998,48.099998,686700,48.099998
2011-11-23,49.470001,49.970001,48.099998,48.310001,1131300,48.310001
2011-11-22,51.82,52.990002,49.040001,50.389999,2531600,50.389999
2011-11-21,51.189999,52.279999,49.450001,51.799999,1889700,51.799999
2011-11-18,54.450001,54.549999,52.119999,52.540001,987700,52.540001
2011-11-17,56.709999,57.049999,53.630001,54.189999,956500,54.189999
2011-11-16,56.939999,58.610001,56.57,56.720001,769800,56.720001
2011-11-15,57.50,58.00,56.099998,57.700001,857400,57.700001
2011-11-14,59.34,60.099998,57.580002,57.900002,822000,57.900002
2011-11-11,57.919998,60.099998,56.779999,59.110001,724200,59.110001
2011-11-10,57.959999,58.200001,55.400002,57.099998,962400,57.099998
2011-11-09,58.380001,58.50,57.00,57.139999,915400,57.139999
2011-11-08,61.73,61.73,58.049999,59.959999,1466800,59.959999
2011-11-07,60.560001,62.41,60.009998,60.73,908800,60.73
2011-11-04,60.509998,61.900002,59.50,60.93,754900,60.93
2011-11-03,61.290001,61.889999,59.029999,61.650002,1342800,61.650002
2011-11-02,61.279999,61.93,59.830002,60.720001,1926900,60.720001
2011-11-01,56.669998,60.669998,56.00,59.169998,2246000,59.169998
2011-10-31,64.209999,64.510002,60.27,60.400002,3941600,60.400002
2011-10-28,66.389999,69.480003,65.349998,69.00,3275900,69.00
2011-10-27,62.419998,69.00,61.549999,64.18,2215800,64.18
2011-10-26,59.259998,60.48,56.099998,59.029999,1312000,59.029999
2011-10-25,61.110001,61.68,57.220001,57.869999,1820900,57.869999
2011-10-24,55.50,62.59,55.50,61.169998,2538000,61.169998
2011-10-21,55.689999,56.41,53.75,54.549999,1185900,54.549999
2011-10-20,55.580002,55.650002,53.099998,55.00,1276300,55.00
2011-10-19,56.029999,58.970001,54.580002,55.099998,1894200,55.099998
2011-10-18,58.029999,58.029999,54.040001,56.52,1852600,56.52
2011-10-17,59.91,61.900002,57.650002,58.509998,1210300,58.509998
2011-10-14,60.549999,61.200001,59.080002,59.98,1082700,59.98
2011-10-13,56.990002,59.450001,56.650002,58.650002,1532100,58.650002
2011-10-12,60.169998,60.639999,56.169998,57.09,2403900,57.09
2011-10-11,56.41,60.119999,56.23,59.560001,1481000,59.560001
2011-10-10,55.50,57.900002,55.50,56.93,1155900,56.93
2011-10-07,57.00,57.279999,53.25,54.509998,1688300,54.509998
2011-10-06,53.07,56.369999,53.00,56.080002,1954400,56.080002
2011-10-05,49.57,53.09,48.380001,52.700001,1582600,52.700001
2011-10-04,47.150002,50.75,46.349998,50.07,2655800,50.07
2011-10-03,47.889999,49.34,46.52,47.419998,3042000,47.419998
2011-09-30,48.509998,53.59,46.990002,48.200001,4531500,48.200001
2011-09-29,54.93,55.240002,47.310001,50.619999,5484800,50.619999
2011-09-28,59.779999,59.779999,52.59,53.110001,2795700,53.110001
2011-09-27,61.349998,62.810001,59.439999,59.84,1465800,59.84
2011-09-26,59.970001,59.970001,54.349998,59.360001,2371200,59.360001
2011-09-23,54.709999,60.16,54.150002,58.82,2732200,58.82
2011-09-22,56.91,58.400002,53.360001,54.490002,2515400,54.490002
2011-09-21,65.139999,65.980003,60.509998,60.52,2666100,60.52
2011-09-20,68.720001,69.199997,64.529999,64.769997,2790900,64.769997
2011-09-19,69.480003,70.110001,67.940002,68.580002,2158300,68.580002
2011-09-16,71.279999,71.639999,69.720001,70.470001,1878900,70.470001
2011-09-15,75.330002,75.760002,71.050003,72.199997,2100400,72.199997
2011-09-14,75.260002,76.230003,73.209999,74.980003,1151500,74.980003
2011-09-13,74.519997,75.839996,74.110001,74.959999,1065200,74.959999
2011-09-12,73.32,75.50,72.589996,74.669998,1197900,74.669998
2011-09-09,77.709999,79.510002,74.080002,75.160004,1465800,75.160004
2011-09-08,78.129997,81.00,78.129997,78.970001,936100,78.970001
2011-09-07,78.459999,79.769997,77.419998,79.050003,828500,79.050003
2011-09-06,73.300003,76.919998,72.620003,76.790001,937000,76.790001
2011-09-02,77.650002,78.160004,74.379997,76.160004,1411000,76.160004
2011-09-01,81.650002,81.650002,79.620003,80.00,957900,80.00
2011-08-31,82.50,83.809998,81.010002,81.75,1163800,81.75
2011-08-30,78.029999,82.099998,77.709999,81.550003,1031600,81.550003
2011-08-29,76.50,79.830002,76.50,79.239998,1244100,79.239998
2011-08-26,71.360001,75.400002,70.32,75.199997,1077500,75.199997
2011-08-25,73.690002,74.540001,72.550003,73.040001,941700,73.040001
2011-08-24,74.620003,75.970001,71.599998,72.910004,1608600,72.910004
2011-08-23,70.019997,75.459999,69.519997,75.440002,1533400,75.440002
2011-08-22,70.860001,72.040001,69.029999,69.279999,1117900,69.279999
2011-08-19,68.959999,72.00,68.50,69.010002,1810900,69.010002
2011-08-18,74.00,74.139999,69.760002,70.529999,2477000,70.529999
2011-08-17,79.660004,79.660004,75.440002,76.25,1354300,76.25
2011-08-16,81.650002,82.00,77.610001,79.050003,1680700,79.050003
2011-08-15,81.440002,84.00,81.00,83.93,1259100,83.93
2011-08-12,80.599998,80.989998,78.650002,80.449997,1527700,80.449997
2011-08-11,75.00,80.00,74.449997,79.230003,1648300,79.230003
2011-08-10,71.50,76.900002,70.650002,74.660004,1833200,74.660004
2011-08-09,68.949997,73.940002,67.50,73.730003,2437300,73.730003
2011-08-08,67.389999,71.00,67.099998,67.449997,2965000,67.449997
2011-08-05,74.050003,74.800003,69.510002,73.309998,2711300,73.309998
2011-08-04,78.239998,78.360001,73.209999,73.290001,1984700,73.290001
2011-08-03,81.459999,82.559998,75.629997,79.519997,2791700,79.519997
2011-08-02,81.199997,84.370003,80.510002,80.550003,3664300,80.550003
2011-08-01,87.400002,87.949997,79.00,79.139999,5719000,79.139999
2011-07-29,87.410004,90.370003,85.32,90.099998,2046600,90.099998
2011-07-28,87.519997,89.989998,86.349998,88.879997,1476600,88.879997
2011-07-27,88.059998,89.75,87.07,87.709999,1599900,87.709999
2011-07-26,88.25,89.940002,87.120003,88.529999,1937300,88.529999
2011-07-25,83.489998,86.980003,83.169998,85.199997,1850100,85.199997
2011-07-22,82.129997,84.68,82.120003,84.139999,986600,84.139999
2011-07-21,83.739998,83.75,81.029999,82.07,1640000,82.07
2011-07-20,84.989998,84.989998,81.610001,83.550003,1222200,83.550003
2011-07-19,81.830002,85.199997,81.75,83.239998,2016100,83.239998
2011-07-18,80.389999,81.110001,78.800003,80.760002,1445600,80.760002
2011-07-15,81.699997,81.800003,79.32,80.650002,1734100,80.650002
2011-07-14,78.599998,81.410004,78.00,79.129997,3410200,79.129997
2011-07-13,75.300003,79.440002,75.300003,78.290001,2872800,78.290001
2011-07-12,74.360001,75.199997,72.699997,74.150002,1396200,74.150002
2011-07-11,76.809998,77.879997,73.169998,74.75,1726600,74.75
2011-07-08,75.349998,78.959999,75.120003,78.230003,1838800,78.230003
2011-07-07,78.849998,79.75,76.629997,77.239998,2075500,77.239998
2011-07-06,77.360001,78.099998,76.050003,77.169998,1532500,77.169998
2011-07-05,75.989998,78.650002,75.989998,78.220001,2291600,78.220001
2011-07-01,72.190002,75.82,71.25,75.330002,2388700,75.330002
2011-06-30,70.959999,72.349998,70.099998,72.269997,1859100,72.269997
2011-06-29,72.730003,72.870003,69.300003,70.360001,1818900,70.360001
2011-06-28,69.18,71.410004,69.010002,70.970001,2050200,70.970001
2011-06-27,69.199997,70.239998,67.330002,68.269997,1425900,68.269997
2011-06-24,69.730003,71.879997,68.099998,68.470001,2081100,68.470001
2011-06-23,67.470001,69.699997,66.629997,69.589996,2718800,69.589996
2011-06-22,71.07,71.50,68.510002,68.629997,2520700,68.629997
2011-06-21,68.139999,71.57,67.919998,71.260002,2752300,71.260002
2011-06-20,65.699997,67.809998,64.769997,67.099998,1934900,67.099998
2011-06-17,68.610001,68.940002,65.400002,65.82,2027300,65.82
2011-06-16,68.300003,69.839996,65.790001,67.330002,2147500,67.330002
2011-06-15,70.809998,71.300003,67.519997,67.720001,2801900,67.720001
2011-06-14,68.760002,72.099998,68.75,71.900002,2989300,71.900002
2011-06-13,69.169998,70.07,66.440002,67.550003,3163600,67.550003
2011-06-10,70.400002,71.550003,67.839996,69.389999,3483200,69.389999
2011-06-09,69.449997,71.800003,66.629997,70.699997,4609900,70.699997
2011-06-08,71.889999,73.00,67.959999,68.32,4285200,68.32
2011-06-07,74.110001,74.559998,69.599998,71.910004,5275800,71.910004
2011-06-06,77.970001,79.870003,73.18,73.599998,4221700,73.599998
2011-06-03,80.150002,83.279999,77.50,77.919998,2005300,77.919998
2011-06-02,80.269997,82.870003,79.50,81.470001,1641000,81.470001
2011-06-01,80.580002,82.919998,79.589996,79.779999,1543600,79.779999
2011-05-31,82.00,82.389999,80.059998,80.629997,2691600,80.629997
2011-05-27,81.029999,82.400002,80.199997,80.360001,1300500,80.360001
2011-05-26,80.43,81.809998,79.209999,80.559998,1339200,80.559998
2011-05-25,78.400002,81.00,78.400002,80.440002,1721700,80.440002
2011-05-24,79.440002,81.190002,78.110001,78.370003,1512400,78.370003
2011-05-23,80.599998,80.989998,78.010002,78.129997,2300000,78.129997
2011-05-20,83.809998,84.239998,82.519997,83.089996,1304600,83.089996
2011-05-19,84.459999,86.629997,83.900002,84.480003,2138200,84.480003
2011-05-18,83.629997,85.080002,82.389999,84.379997,2569400,84.379997
2011-05-17,79.910004,83.849998,78.800003,83.540001,3381300,83.540001
2011-05-16,83.25,85.849998,80.07,80.260002,2981600,80.260002
2011-05-13,84.349998,86.709999,82.110001,83.360001,3490900,83.360001
2011-05-12,91.029999,93.959999,84.209999,84.910004,5200000,84.910004
2011-05-11,95.25,96.730003,91.889999,92.339996,1900000,92.339996
2011-05-10,96.050003,97.349998,94.07,95.559998,2218600,95.559998
2011-05-09,93.620003,96.00,93.129997,95.080002,1282500,95.080002
2011-05-06,93.290001,96.190002,93.010002,94.019997,2065200,94.019997
2011-05-05,91.839996,95.470001,90.860001,91.489998,2900000,91.489998
2011-05-04,94.459999,95.650002,89.889999,92.779999,4494400,92.779999
2011-05-03,103.290001,103.870003,93.68,94.830002,5300000,94.830002
2011-05-02,106.860001,106.980003,103.349998,103.709999,1797800,103.709999
2011-04-29,106.25,108.290001,105.519997,105.739998,1800000,105.739998
2011-04-28,105.57,109.370003,104.269997,106.279999,2900000,106.279999
2011-04-27,103.050003,107.849998,100.00,106.160004,4346100,106.160004
2011-04-26,106.50,106.50,99.400002,100.949997,4500000,100.949997
2011-04-25,98.00,107.57,97.139999,104.139999,7338500,104.139999
2011-04-21,93.400002,96.980003,92.75,95.690002,2700100,95.690002
2011-04-20,99.879997,99.900002,93.629997,94.910004,3618100,94.910004
2011-04-19,97.379997,102.419998,96.629997,98.260002,5475600,98.260002
2011-04-18,93.620003,96.269997,91.529999,96.07,1913000,96.07
2011-04-15,96.190002,96.209999,94.029999,95.379997,1320800,95.379997
2011-04-14,96.029999,98.769997,95.00,96.139999,1742200,96.139999
2011-04-13,95.370003,97.739998,94.160004,96.32,2171400,96.32
2011-04-12,93.879997,94.75,92.50,93.209999,1036600,93.209999
2011-04-11,97.150002,97.889999,92.849998,94.739998,1589600,94.739998
2011-04-08,98.400002,98.720001,95.269997,96.349998,1635600,96.349998
2011-04-07,94.129997,97.839996,94.050003,97.370003,2084200,97.370003
2011-04-06,98.32,98.480003,92.110001,94.480003,2312400,94.480003
2011-04-05,98.290001,98.300003,96.00,96.489998,1960500,96.489998
2011-04-04,91.75,97.550003,91.529999,97.300003,2834800,97.300003
2011-04-01,90.190002,91.900002,88.110001,90.879997,2000800,90.879997
2011-03-31,86.849998,92.269997,86.220001,89.360001,1887200,89.360001
2011-03-30,91.690002,91.709999,86.800003,87.129997,1936000,87.129997
2011-03-29,83.029999,91.040001,83.019997,89.599998,2911900,89.599998
2011-03-28,83.220001,85.739998,82.559998,83.110001,997400,83.110001
2011-03-25,83.150002,84.300003,82.349998,82.610001,512100,82.610001
2011-03-24,83.00,84.00,81.559998,82.769997,670000,82.769997
2011-03-23,80.309998,82.800003,80.010002,82.410004,795900,82.410004
2011-03-22,80.43,80.650002,78.900002,80.150002,772000,80.150002
2011-03-21,79.260002,81.330002,78.489998,79.779999,918000,79.779999
2011-03-18,79.690002,79.879997,76.720001,77.800003,1228800,77.800003
2011-03-17,82.50,82.949997,78.50,78.769997,1624800,78.769997
2011-03-16,83.949997,85.389999,80.550003,81.379997,1131400,81.379997
2011-03-15,81.419998,83.75,80.610001,83.269997,844800,83.269997
2011-03-14,85.00,86.459999,83.760002,84.769997,1075300,84.769997
2011-03-11,80.900002,85.629997,80.120003,85.470001,1230500,85.470001
2011-03-10,80.449997,82.25,79.00,80.739998,1006200,80.739998
2011-03-09,81.529999,83.580002,80.029999,82.019997,893400,82.019997
2011-03-08,78.989998,82.00,77.07,80.849998,982900,80.849998
2011-03-07,81.480003,81.779999,77.440002,78.129997,890600,78.129997
2011-03-04,80.169998,82.260002,79.50,81.809998,638100,81.809998
2011-03-03,79.879997,80.629997,79.169998,79.68,607500,79.68
2011-03-02,81.150002,81.150002,78.489998,79.139999,1059100,79.139999
2011-03-01,81.559998,82.43,80.610001,81.290001,573600,81.290001
2011-02-28,82.75,83.889999,80.440002,81.559998,800000,81.559998
2011-02-25,83.00,84.220001,81.919998,82.449997,752000,82.449997
2011-02-24,80.709999,82.849998,80.709999,82.089996,843000,82.089996
2011-02-23,78.809998,80.690002,78.050003,79.550003,1105400,79.550003
2011-02-22,81.760002,81.760002,79.650002,80.00,1903700,80.00
2011-02-18,85.290001,87.470001,83.550003,83.839996,1635700,83.839996
2011-02-17,85.910004,85.93,83.800003,84.910004,1512100,84.910004
2011-02-16,86.50,86.959999,85.010002,85.760002,1400900,85.760002
2011-02-15,87.480003,88.860001,86.57,87.540001,1055000,87.540001
2011-02-14,88.620003,88.940002,87.50,88.010002,836100,88.010002
2011-02-11,89.50,90.480003,88.209999,88.879997,1393800,88.879997
2011-02-10,85.400002,90.00,84.980003,89.919998,1603500,89.919998
2011-02-09,84.410004,87.849998,84.410004,86.879997,1309800,86.879997
2011-02-08,85.029999,85.260002,84.00,85.040001,727900,85.040001
2011-02-07,86.00,86.089996,84.860001,85.349998,869600,85.349998
2011-02-04,83.620003,85.870003,82.75,85.760002,783600,85.760002
2011-02-03,84.800003,85.00,82.019997,82.660004,1184300,82.660004
2011-02-02,81.870003,85.00,81.669998,84.879997,1330500,84.879997
2011-02-01,78.779999,83.910004,78.040001,82.50,2490600,82.50
2011-01-31,77.400002,78.43,73.489998,77.580002,3267200,77.580002
2011-01-28,74.00,75.599998,72.870003,73.879997,2033000,73.879997
2011-01-27,70.50,74.00,70.019997,73.150002,1930200,73.150002
2011-01-26,67.879997,71.459999,67.879997,71.010002,1171900,71.010002
2011-01-25,66.949997,68.059998,66.309998,67.849998,575800,67.849998
2011-01-24,65.779999,67.279999,64.50,66.809998,909100,66.809998
2011-01-21,68.580002,69.25,66.190002,66.559998,831100,66.559998
2011-01-20,69.93,70.129997,67.139999,68.510002,608600,68.510002
2011-01-19,71.00,73.68,69.870003,70.349998,1280500,70.349998
2011-01-18,69.580002,70.75,69.50,70.730003,451900,70.730003
2011-01-14,69.269997,69.980003,69.089996,69.75,608100,69.75
2011-01-13,69.010002,71.730003,68.769997,69.68,1041900,69.68
2011-01-12,70.760002,70.809998,69.099998,69.459999,666900,69.459999
2011-01-11,68.580002,70.75,68.580002,69.699997,1019900,69.699997
2011-01-10,68.639999,69.099998,66.830002,68.449997,746300,68.449997
2011-01-07,68.00,68.760002,67.260002,68.68,1375500,68.68
2011-01-06,66.080002,68.400002,65.25,67.580002,1296200,67.580002
2011-01-05,64.18,66.25,63.860001,65.529999,875200,65.529999
2011-01-04,64.559998,66.169998,63.630001,64.639999,1346400,64.639999
2011-01-03,64.589996,64.690002,63.68,63.950001,1213300,63.950001
2010-12-31,63.990002,64.339996,62.880001,63.490002,665300,63.490002
2010-12-30,63.540001,65.269997,63.169998,64.50,1055800,64.50
2010-12-29,64.199997,64.699997,63.41,63.68,626500,63.68
2010-12-28,64.629997,65.239998,63.130001,64.199997,656500,64.199997
2010-12-27,64.370003,65.300003,63.599998,64.879997,535100,64.879997
2010-12-23,65.019997,65.779999,64.540001,65.00,306000,65.00
2010-12-22,66.809998,66.879997,64.879997,65.129997,561700,65.129997
2010-12-21,65.489998,66.849998,65.00,66.50,932500,66.50
2010-12-20,66.529999,67.010002,64.309998,64.800003,1154000,64.800003
2010-12-17,66.269997,67.269997,65.709999,66.059998,1322400,66.059998
2010-12-16,67.989998,68.269997,66.110001,66.82,1640100,66.82
2010-12-15,69.669998,70.610001,67.480003,67.580002,1233100,67.580002
2010-12-14,72.470001,72.470001,69.279999,69.690002,1272400,69.690002
2010-12-13,77.00,77.190002,71.160004,71.839996,1843100,71.839996
2010-12-10,78.239998,78.900002,76.559998,76.779999,840900,76.779999
2010-12-09,76.00,78.50,75.599998,77.910004,1062400,77.910004
2010-12-08,77.510002,77.940002,75.349998,75.860001,938500,75.860001
2010-12-07,77.529999,78.910004,76.599998,77.010002,1128300,77.010002
2010-12-06,75.260002,77.190002,73.540001,76.709999,1397700,76.709999
2010-12-03,69.120003,75.260002,68.800003,74.50,1894300,74.50
2010-12-02,70.620003,70.889999,69.440002,69.529999,533400,69.529999
2010-12-01,70.18,71.300003,68.620003,69.839996,1209400,69.839996
2010-11-30,72.199997,72.199997,68.730003,69.43,1430600,69.43
2010-11-29,73.970001,74.529999,71.779999,72.839996,607300,72.839996
2010-11-26,73.43,74.279999,73.260002,73.629997,159000,73.629997
2010-11-24,74.019997,75.279999,73.790001,73.970001,538100,73.970001
2010-11-23,74.470001,75.129997,72.32,72.940002,770200,72.940002
2010-11-22,73.889999,75.980003,73.50,75.839996,530500,75.839996
2010-11-19,75.459999,75.730003,73.809998,73.889999,626800,73.889999
2010-11-18,75.089996,76.110001,74.760002,75.669998,975900,75.669998
2010-11-17,71.779999,74.510002,71.519997,74.019997,1205700,74.019997
2010-11-16,74.00,74.160004,71.290001,72.279999,1351600,72.279999
2010-11-15,76.040001,76.089996,74.099998,74.860001,556000,74.860001
2010-11-12,76.00,76.580002,74.540001,75.870003,621700,75.870003
2010-11-11,76.370003,77.720001,75.00,77.510002,986500,77.510002
2010-11-10,75.220001,78.50,74.260002,77.410004,1363100,77.410004
2010-11-09,79.209999,79.209999,74.82,75.690002,2334100,75.690002
2010-11-08,74.010002,80.940002,73.93,80.32,2894600,80.32
2010-11-05,74.050003,74.629997,73.519997,74.050003,334700,74.050003
2010-11-04,75.790001,75.860001,73.199997,74.339996,909400,74.339996
2010-11-03,75.529999,75.75,73.75,74.809998,694200,74.809998
2010-11-02,74.029999,75.480003,73.75,75.459999,563800,75.459999
2010-11-01,75.849998,75.849998,72.800003,73.660004,1013300,73.660004
2010-10-29,72.82,75.760002,72.699997,74.50,1226300,74.50
2010-10-28,72.629997,73.75,71.940002,72.970001,1620400,72.970001
2010-10-27,72.760002,74.07,71.870003,72.57,1997200,72.57
2010-10-26,74.50,74.949997,72.650002,73.830002,2781300,73.830002
2010-10-25,69.699997,76.910004,68.699997,74.93,8082100,74.93
2010-10-22,62.529999,66.900002,61.939999,65.760002,2538200,65.760002
2010-10-21,60.830002,62.700001,60.380001,62.50,1427400,62.50
2010-10-20,59.139999,60.50,59.049999,60.25,573300,60.25
2010-10-19,60.810001,60.810001,58.599998,59.16,1013000,59.16
2010-10-18,61.810001,62.490002,61.25,61.59,696700,61.59
2010-10-15,58.869999,61.810001,58.049999,61.59,1081600,61.59
2010-10-14,58.810001,59.139999,58.029999,58.450001,587100,58.450001
2010-10-13,59.689999,59.98,58.990002,59.240002,699800,59.240002
2010-10-12,59.150002,59.73,57.77,59.419998,745400,59.419998
2010-10-11,59.119999,60.299999,58.540001,59.240002,573400,59.240002
2010-10-08,58.810001,59.349998,57.860001,59.16,646000,59.16
2010-10-07,58.549999,58.970001,58.150002,58.639999,617300,58.639999
2010-10-06,58.720001,59.389999,58.02,58.52,1149500,58.52
2010-10-05,58.93,60.41,58.299999,60.119999,922000,60.119999
2010-10-04,57.560001,58.869999,57.310001,58.50,613100,58.50
2010-10-01,57.779999,57.779999,56.950001,57.73,1015500,57.73
2010-09-30,58.75,59.169998,56.610001,57.619999,788800,57.619999
2010-09-29,58.939999,59.41,58.25,58.59,678900,58.59
2010-09-28,59.740002,60.990002,58.25,59.509998,585000,59.509998
2010-09-27,60.07,60.400002,59.450001,60.080002,619700,60.080002
2010-09-24,60.25,60.759998,60.02,60.349998,691800,60.349998
2010-09-23,58.139999,61.119999,58.009998,59.950001,1380400,59.950001
2010-09-22,58.66,58.759998,57.560001,58.169998,1662400,58.169998
2010-09-21,55.599998,59.889999,55.41,59.549999,1897200,59.549999
2010-09-20,54.52,55.779999,54.259998,55.599998,746900,55.599998
2010-09-17,54.810001,55.00,53.939999,54.119999,521800,54.119999
2010-09-16,54.790001,54.970001,54.150002,54.669998,524700,54.669998
2010-09-15,53.669998,55.25,53.139999,55.110001,804400,55.110001
2010-09-14,53.18,53.849998,53.009998,53.709999,628400,53.709999
2010-09-13,52.990002,53.700001,52.310001,53.580002,463700,53.580002
2010-09-10,53.150002,53.310001,52.200001,52.77,679100,52.77
2010-09-09,50.75,53.43,50.75,53.279999,1146000,53.279999
2010-09-08,50.060001,51.459999,50.060001,50.470001,756500,50.470001
2010-09-07,51.50,52.259998,50.259998,50.349998,753900,50.349998
2010-09-03,51.50,51.950001,51.040001,51.91,541600,51.91
2010-09-02,50.049999,50.959999,49.98,50.860001,587900,50.860001
2010-09-01,48.900002,50.360001,48.84,50.130001,484500,50.130001
2010-08-31,47.990002,48.669998,47.48,48.470001,242400,48.470001
2010-08-30,49.00,49.240002,48.02,48.049999,321600,48.049999
2010-08-27,48.830002,49.310001,47.580002,49.220001,386300,49.220001
2010-08-26,47.720001,48.91,47.41,48.389999,688100,48.389999
2010-08-25,46.740002,47.360001,46.240002,47.25,385700,47.25
2010-08-24,47.009998,47.290001,45.810001,47.060001,366700,47.060001
2010-08-23,47.75,47.799999,46.619999,47.48,477100,47.48
2010-08-20,47.98,47.98,47.549999,47.740002,379100,47.740002
2010-08-19,47.610001,48.240002,47.610001,47.93,546000,47.93
2010-08-18,47.150002,47.650002,46.619999,47.540001,355700,47.540001
2010-08-17,46.709999,47.380001,46.139999,47.00,376000,47.00
2010-08-16,46.299999,46.709999,45.91,46.369999,379900,46.369999
2010-08-13,47.919998,47.950001,46.419998,46.459999,387800,46.459999
2010-08-12,46.52,48.099998,46.259998,47.900002,443200,47.900002
2010-08-11,48.50,48.529999,47.259998,47.349998,481300,47.349998
2010-08-10,50.009998,50.169998,49.040001,49.110001,444700,49.110001
2010-08-09,49.669998,51.880001,49.529999,50.560001,1195600,50.560001
2010-08-06,48.049999,49.349998,47.630001,49.02,789500,49.02
2010-08-05,47.98,48.700001,47.720001,48.459999,978000,48.459999
2010-08-04,47.66,48.080002,47.66,47.950001,636700,47.950001
2010-08-03,47.459999,47.950001,47.34,47.509998,481500,47.509998
2010-08-02,47.50,48.240002,47.240002,47.77,759400,47.77
2010-07-30,47.68,47.740002,46.619999,47.02,622100,47.02
2010-07-29,48.07,48.099998,46.950001,47.549999,536400,47.549999
2010-07-28,48.00,48.77,47.540001,47.669998,1106500,47.669998
2010-07-27,46.419998,47.900002,46.380001,47.599998,1473900,47.599998
2010-07-26,46.02,47.540001,45.439999,46.09,1339900,46.09
2010-07-23,43.830002,45.150002,43.459999,45.040001,746100,45.040001
2010-07-22,43.27,44.32,42.580002,44.00,614000,44.00
2010-07-21,42.779999,43.299999,42.240002,42.50,629400,42.50
2010-07-20,41.73,42.66,41.360001,42.57,217700,42.57
2010-07-19,41.919998,42.599998,41.599998,42.130001,303200,42.130001
2010-07-16,42.490002,42.560001,41.669998,41.720001,290100,41.720001
2010-07-15,42.939999,42.990002,41.66,42.849998,346500,42.849998
2010-07-14,42.720001,43.209999,42.389999,42.990002,367600,42.990002
2010-07-13,41.779999,42.720001,41.59,42.509998,475100,42.509998
2010-07-12,40.860001,42.27,40.759998,41.41,451400,41.41
2010-07-09,40.700001,41.279999,40.549999,41.25,521500,41.25
2010-07-08,42.34,42.439999,40.73,40.98,738400,40.98
2010-07-07,40.860001,41.990002,40.860001,41.990002,440700,41.990002
2010-07-06,41.490002,41.849998,40.709999,41.00,595800,41.00
2010-07-02,40.77,41.25,40.389999,40.68,316500,40.68
2010-07-01,41.00,41.59,40.09,40.790001,455900,40.790001
2010-06-30,41.040001,41.66,40.349998,41.09,777000,41.09
2010-06-29,40.990002,41.189999,40.049999,40.880001,880000,40.880001
2010-06-28,42.099998,42.43,41.290001,41.540001,499000,41.540001
2010-06-25,41.869999,42.700001,41.459999,42.02,2862100,42.02
2010-06-24,42.540001,42.810001,41.57,41.860001,587200,41.860001
2010-06-23,42.950001,43.689999,42.57,42.810001,353500,42.810001
2010-06-22,43.650002,44.310001,42.759998,43.029999,934800,43.029999
2010-06-21,44.830002,46.689999,44.43,44.540001,1145200,44.540001
2010-06-18,43.970001,44.209999,43.57,44.029999,496400,44.029999
2010-06-17,43.830002,43.84,43.02,43.73,960800,43.73
2010-06-16,43.50,44.389999,43.50,43.68,499800,43.68
2010-06-15,43.639999,44.169998,43.509998,43.98,560100,43.98
2010-06-14,44.349998,44.57,43.290001,43.529999,428100,43.529999
2010-06-11,43.32,44.110001,43.18,43.82,376300,43.82
2010-06-10,43.43,44.00,43.220001,43.900002,370300,43.900002
2010-06-09,42.77,43.75,42.400002,42.639999,595700,42.639999
2010-06-08,42.50,43.060001,41.889999,42.639999,580000,42.639999
2010-06-07,44.369999,44.52,42.400002,42.490002,566400,42.490002
2010-06-04,45.25,45.77,43.900002,44.27,478600,44.27
2010-06-03,44.080002,46.360001,44.009998,46.099998,826700,46.099998
2010-06-02,43.27,44.00,42.91,44.00,462500,44.00
2010-06-01,44.259998,44.799999,43.23,43.23,481000,43.23
2010-05-28,44.93,45.029999,43.779999,44.200001,520800,44.200001
2010-05-27,44.540001,45.200001,44.389999,45.16,627800,45.16
2010-05-26,43.650002,44.580002,43.139999,43.52,776800,43.52
2010-05-25,42.080002,43.130001,41.02,43.09,840700,43.09
2010-05-24,43.439999,44.049999,42.970001,43.470001,587500,43.470001
2010-05-21,42.34,44.049999,42.290001,43.200001,1103400,43.200001
2010-05-20,42.990002,44.450001,42.099998,43.259998,1192800,43.259998
2010-05-19,45.00,45.18,43.529999,44.299999,838900,44.299999
2010-05-18,45.09,46.389999,45.07,45.32,832600,45.32
2010-05-17,45.759998,45.759998,43.709999,44.889999,993000,44.889999
2010-05-14,46.75,46.84,45.25,45.93,564300,45.93
2010-05-13,47.00,48.200001,46.790001,46.98,525400,46.98
2010-05-12,46.529999,47.59,46.18,47.349998,720900,47.349998
2010-05-11,45.48,46.84,44.970001,46.16,520100,46.16
2010-05-10,45.200001,46.880001,45.200001,45.77,626700,45.77
2010-05-07,45.43,46.07,43.669998,44.189999,1259000,44.189999
2010-05-06,46.209999,47.959999,43.330002,45.310001,1203900,45.310001
2010-05-05,46.16,46.900002,45.41,46.290001,1056400,46.290001
2010-05-04,48.220001,48.23,46.099998,46.32,846500,46.32
2010-05-03,48.220001,48.93,48.220001,48.490002,544100,48.490002
2010-04-30,48.330002,49.380001,48.150002,48.150002,953600,48.150002
2010-04-29,49.169998,49.700001,48.02,48.470001,1419100,48.470001
2010-04-28,49.889999,50.00,48.25,48.400002,1546600,48.400002
2010-04-27,51.18,51.389999,48.34,49.540001,2230500,49.540001
2010-04-26,52.529999,53.799999,51.529999,51.82,2037700,51.82
2010-04-23,51.599998,53.860001,51.52,53.02,1342000,53.02
2010-04-22,51.34,51.959999,50.639999,51.759998,667400,51.759998
2010-04-21,51.459999,52.23,50.939999,52.02,704300,52.02
2010-04-20,49.900002,51.66,49.860001,51.52,982500,51.52
2010-04-19,50.389999,51.240002,49.099998,49.759998,1073200,49.759998
2010-04-16,52.68,52.740002,50.049999,50.290001,1363300,50.290001
2010-04-15,52.779999,53.560001,52.779999,52.98,922100,52.98
2010-04-14,53.400002,53.59,52.779999,53.080002,908000,53.080002
2010-04-13,53.959999,53.959999,52.799999,53.07,597900,53.07
2010-04-12,54.00,54.279999,53.610001,53.880001,527800,53.880001
2010-04-09,53.889999,54.389999,53.84,54.009998,424800,54.009998
2010-04-08,53.669998,53.98,53.200001,53.599998,480400,53.599998
2010-04-07,54.23,54.43,53.68,54.040001,407800,54.040001
2010-04-06,53.580002,54.849998,53.540001,54.48,472800,54.48
2010-04-05,54.049999,54.439999,53.549999,54.07,867000,54.07
2010-04-01,54.130001,55.189999,53.59,53.799999,667700,53.799999
2010-03-31,55.560001,56.310001,54.369999,54.599998,1023900,54.599998
2010-03-30,54.759998,56.099998,54.700001,55.939999,1232200,55.939999
2010-03-29,53.740002,54.59,53.450001,54.279999,405600,54.279999
2010-03-26,54.169998,54.599998,53.259998,53.709999,435200,53.709999
2010-03-25,53.25,55.23,53.130001,53.66,989800,53.66
2010-03-24,54.279999,54.389999,52.689999,53.18,1463600,53.18
2010-03-23,55.130001,55.73,53.860001,54.189999,850100,54.189999
2010-03-22,54.259998,54.880001,53.900002,54.759998,618600,54.759998
2010-03-19,54.900002,55.360001,54.049999,54.27,804000,54.27
2010-03-18,53.25,54.720001,53.200001,54.52,958000,54.52
2010-03-17,52.959999,53.66,52.369999,53.360001,1159700,53.360001
2010-03-16,54.200001,54.52,52.439999,52.66,1079500,52.66
2010-03-15,54.41,55.970001,53.52,54.169998,1087500,54.169998
2010-03-12,54.52,55.200001,53.380001,54.619999,750300,54.619999
2010-03-11,54.209999,54.669998,53.439999,54.43,827100,54.43
2010-03-10,54.75,55.380001,54.330002,54.549999,960000,54.549999
2010-03-09,53.279999,55.669998,52.470001,55.119999,2055500,55.119999
2010-03-08,52.130001,53.709999,51.950001,53.470001,1129600,53.470001
2010-03-05,51.119999,51.959999,50.549999,51.959999,683500,51.959999
2010-03-04,50.00,51.25,49.599998,50.810001,620900,50.810001
2010-03-03,50.50,50.799999,49.400002,50.009998,830600,50.009998
2010-03-02,51.200001,51.439999,50.119999,50.310001,886600,50.310001
2010-03-01,51.34,51.810001,50.700001,51.200001,1297600,51.200001
2010-02-26,48.919998,51.650002,48.919998,51.209999,1152300,51.209999
2010-02-25,48.290001,49.110001,47.900002,49.060001,418000,49.060001
2010-02-24,48.57,49.240002,47.75,49.200001,679300,49.200001
2010-02-23,49.950001,49.950001,48.00,48.48,933700,48.48
2010-02-22,50.400002,51.41,49.709999,49.84,903000,49.84
2010-02-19,50.240002,50.419998,49.779999,50.389999,375900,50.389999
2010-02-18,49.389999,50.529999,48.740002,50.369999,553800,50.369999
2010-02-17,49.77,49.82,48.830002,49.389999,528100,49.389999
2010-02-16,48.48,49.75,47.900002,49.43,745700,49.43
2010-02-12,47.810001,48.27,47.130001,48.259998,927100,48.259998
2010-02-11,48.290001,48.77,47.509998,48.25,701100,48.25
2010-02-10,48.57,49.09,47.52,48.040001,456500,48.040001
2010-02-09,49.02,49.209999,48.169998,48.349998,675700,48.349998
2010-02-08,49.68,50.529999,48.549999,48.66,647100,48.66
2010-02-05,48.75,49.599998,48.150002,49.509998,1248800,49.509998
2010-02-04,51.540001,51.540001,48.779999,48.849998,1101600,48.849998
2010-02-03,50.93,52.720001,50.759998,51.59,1138300,51.59
2010-02-02,50.029999,51.220001,49.00,51.16,1373000,51.16
2010-02-01,46.970001,50.790001,46.619999,50.220001,3001500,50.220001
2010-01-29,52.619999,52.900002,49.919998,50.349998,1892100,50.349998
2010-01-28,54.389999,54.52,50.880001,52.400002,1442900,52.400002
2010-01-27,54.389999,55.34,53.049999,54.369999,617800,54.369999
2010-01-26,55.599998,55.619999,53.900002,54.799999,925400,54.799999
2010-01-25,56.900002,57.34,56.009998,56.25,643700,56.25
2010-01-22,59.68,59.68,55.790001,56.00,1067200,56.00
2010-01-21,61.32,62.349998,60.18,60.32,726200,60.32
2010-01-20,61.75,61.75,60.25,61.32,663900,61.32
2010-01-19,59.299999,62.119999,59.110001,62.02,875400,62.02
2010-01-15,60.07,60.50,59.130001,59.209999,521200,59.209999
2010-01-14,58.849998,61.00,58.740002,60.400002,860300,60.400002
2010-01-13,60.599998,61.00,58.50,58.900002,1022000,58.900002
2010-01-12,58.540001,58.75,57.619999,58.130001,400200,58.130001
2010-01-11,59.009998,59.759998,58.75,58.950001,458800,58.950001
2010-01-08,58.650002,59.650002,58.619999,59.200001,472400,59.200001
2010-01-07,59.580002,59.779999,57.880001,58.57,723800,58.57
2010-01-06,60.00,60.740002,59.50,59.68,717700,59.68
2010-01-05,59.099998,60.560001,59.060001,59.779999,601400,59.779999
2010-01-04,57.650002,59.259998,57.540001,59.23,799500,59.23
2009-12-31,57.549999,57.650002,57.259998,57.279999,286200,57.279999
2009-12-30,57.07,57.669998,57.00,57.509998,607300,57.509998
2009-12-29,57.52,57.720001,57.00,57.310001,284200,57.310001
2009-12-28,56.91,57.68,56.73,57.240002,404100,57.240002
2009-12-24,56.73,56.990002,56.360001,56.669998,189600,56.669998
2009-12-23,55.310001,56.689999,55.200001,56.59,495000,56.59
2009-12-22,54.52,55.360001,53.540001,54.91,555200,54.91
2009-12-21,54.57,54.990002,54.290001,54.610001,514100,54.610001
2009-12-18,54.139999,54.77,53.900002,54.560001,669300,54.560001
2009-12-17,55.48,55.490002,53.959999,53.970001,717900,53.970001
2009-12-16,54.700001,56.049999,54.700001,55.57,1008800,55.57
2009-12-15,53.27,54.869999,52.849998,54.509998,1121300,54.509998
2009-12-14,53.580002,53.77,52.66,53.240002,899700,53.240002
2009-12-11,54.220001,54.619999,53.060001,53.419998,892100,53.419998
2009-12-10,53.060001,54.310001,52.849998,54.169998,1360200,54.169998
2009-12-09,51.75,52.75,51.150002,52.639999,978100,52.639999
2009-12-08,52.43,52.619999,51.200001,51.400002,988000,51.400002
2009-12-07,53.02,53.91,52.200001,52.34,794100,52.34
2009-12-04,55.02,55.02,52.599998,53.18,1199800,53.18
2009-12-03,55.07,55.490002,53.869999,53.98,685300,53.98
2009-12-02,56.549999,56.630001,54.93,55.00,846700,55.00
2009-12-01,55.91,57.419998,55.759998,56.27,1200900,56.27
2009-11-30,54.970001,55.889999,54.669998,55.759998,1134200,55.759998
2009-11-27,53.759998,55.080002,53.419998,54.630001,711000,54.630001
2009-11-25,53.360001,56.490002,53.360001,56.00,1645200,56.00
2009-11-24,53.900002,53.900002,52.34,52.779999,1054800,52.779999
2009-11-23,54.66,55.470001,53.759998,53.860001,1119400,53.860001
2009-11-20,55.389999,55.720001,53.75,54.00,937700,54.00
2009-11-19,56.91,56.91,55.00,55.200001,1105200,55.200001
2009-11-18,58.419998,58.419998,57.049999,57.259998,570100,57.259998
2009-11-17,57.330002,58.75,56.540001,58.459999,1076200,58.459999
2009-11-16,56.16,56.98,56.09,56.939999,612900,56.939999
2009-11-13,56.049999,56.389999,55.07,56.009998,632400,56.009998
2009-11-12,56.349998,56.599998,55.349998,55.59,395500,55.59
2009-11-11,56.849998,57.189999,56.009998,56.240002,776100,56.240002
2009-11-10,57.299999,57.540001,55.349998,55.619999,939800,55.619999
2009-11-09,56.200001,58.279999,56.00,57.860001,780000,57.860001
2009-11-06,55.00,56.18,54.450001,55.580002,587900,55.580002
2009-11-05,56.16,56.400002,54.919998,55.16,1032500,55.16
2009-11-04,53.43,56.150002,53.360001,55.25,1537100,55.25
2009-11-03,53.25,53.400002,51.549999,52.790001,2240700,52.790001
2009-11-02,56.630001,56.630001,52.880001,54.07,1603600,54.07
2009-10-30,58.009998,58.450001,55.25,55.599998,1011600,55.599998
2009-10-29,56.139999,57.630001,56.00,57.439999,1099300,57.439999
2009-10-28,57.700001,58.75,55.599998,55.810001,1518000,55.810001
2009-10-27,58.400002,58.57,56.41,57.299999,2372200,57.299999
2009-10-26,63.389999,64.889999,59.330002,59.919998,4999400,59.919998
2009-10-23,68.089996,71.50,67.739998,71.349998,1167500,71.349998
2009-10-22,69.389999,69.75,67.510002,68.739998,495700,68.739998
2009-10-21,69.910004,70.900002,69.190002,69.260002,463400,69.260002
2009-10-20,70.440002,70.989998,69.18,70.410004,731300,70.410004
2009-10-19,65.620003,70.110001,65.57,69.989998,1606900,69.989998
2009-10-16,63.900002,65.059998,62.75,64.720001,1343500,64.720001
2009-10-15,65.00,66.00,64.07,64.190002,420500,64.190002
2009-10-14,64.160004,65.400002,64.160004,65.379997,634900,65.379997
2009-10-13,63.860001,64.239998,62.630001,63.41,733400,63.41
2009-10-12,63.98,64.449997,62.869999,63.470001,970900,63.470001
2009-10-09,66.660004,66.68,63.360001,64.510002,1154300,64.510002
2009-10-08,68.389999,68.629997,66.220001,66.360001,485200,66.360001
2009-10-07,66.959999,68.470001,66.160004,67.779999,403700,67.779999
2009-10-06,66.18,67.790001,65.919998,67.059998,488700,67.059998
2009-10-05,64.459999,66.629997,64.459999,65.449997,354400,65.449997
2009-10-02,65.00,66.690002,64.300003,64.629997,525700,64.629997
2009-10-01,68.239998,69.209999,65.400002,65.720001,681900,65.720001
2009-09-30,68.389999,69.75,67.07,68.779999,506500,68.779999
2009-09-29,67.209999,69.00,66.43,68.470001,869100,68.470001
2009-09-28,66.989998,69.309998,66.849998,67.209999,581900,67.209999
2009-09-25,67.519997,68.559998,66.389999,66.900002,651800,66.900002
2009-09-24,70.790001,70.919998,67.529999,68.110001,555000,68.110001
2009-09-23,68.690002,71.589996,68.660004,70.529999,729600,70.529999
2009-09-22,69.300003,70.099998,67.849998,68.290001,481500,68.290001
2009-09-21,69.00,70.040001,68.32,68.860001,516300,68.860001
2009-09-18,70.309998,70.510002,69.010002,69.269997,702500,69.269997
2009-09-17,71.199997,72.290001,69.57,70.900002,1241800,70.900002
2009-09-16,69.00,71.050003,68.00,70.919998,1304900,70.919998
2009-09-15,65.629997,69.00,65.550003,68.730003,1692700,68.730003
2009-09-14,64.089996,65.889999,63.66,65.839996,577800,65.839996
2009-09-11,63.34,65.980003,63.330002,64.959999,774400,64.959999
2009-09-10,64.580002,65.629997,64.529999,65.150002,771800,65.150002
2009-09-09,63.50,65.32,63.330002,64.919998,529200,64.919998
2009-09-08,63.639999,63.830002,62.720001,63.509998,528000,63.509998
2009-09-04,61.759998,62.75,61.279999,62.630001,336300,62.630001
2009-09-03,61.00,61.68,60.310001,61.209999,240700,61.209999
2009-09-02,60.07,61.349998,60.009998,60.439999,312200,60.439999
2009-09-01,60.00,62.689999,60.00,60.299999,552600,60.299999
2009-08-31,60.959999,62.209999,60.200001,61.02,712300,61.02
2009-08-28,63.599998,64.199997,61.970001,62.459999,261700,62.459999
2009-08-27,63.25,63.529999,61.540001,62.869999,594800,62.869999
2009-08-26,65.330002,65.529999,63.00,63.709999,571800,63.709999
2009-08-25,64.559998,65.75,64.050003,65.370003,584700,65.370003
2009-08-24,65.099998,65.910004,64.199997,64.519997,1041300,64.519997
2009-08-21,63.540001,65.150002,63.360001,64.089996,850100,64.089996
2009-08-20,61.02,63.369999,61.009998,63.25,772800,63.25
2009-08-19,60.50,62.310001,59.450001,61.00,549300,61.00
2009-08-18,60.400002,61.650002,60.139999,61.299999,421300,61.299999
2009-08-17,60.310001,60.330002,58.509998,59.919998,577100,59.919998
2009-08-14,63.330002,63.380001,61.740002,62.099998,309800,62.099998
2009-08-13,62.400002,64.00,62.400002,63.16,632100,63.16
2009-08-12,62.810001,62.869999,62.009998,62.57,571100,62.57
2009-08-11,63.169998,64.400002,62.529999,62.889999,701100,62.889999
2009-08-10,64.00,65.239998,63.669998,64.00,506300,64.00
2009-08-07,64.50,64.800003,63.630001,64.050003,424200,64.050003
2009-08-06,63.00,64.370003,62.560001,64.209999,818800,64.209999
2009-08-05,62.939999,63.16,61.75,62.849998,620200,62.849998
2009-08-04,62.560001,63.209999,61.00,62.869999,650900,62.869999
2009-08-03,62.560001,63.200001,61.740002,62.77,713600,62.77
2009-07-31,63.799999,63.799999,61.080002,61.169998,702600,61.169998
2009-07-30,61.630001,63.900002,61.619999,62.48,997600,62.48
2009-07-29,61.279999,61.279999,59.779999,60.779999,934200,60.779999
2009-07-28,59.75,62.630001,59.75,62.049999,2425700,62.049999
2009-07-27,64.279999,64.349998,57.75,59.07,4223300,59.07
2009-07-24,62.91,64.25,60.799999,63.630001,1884300,63.630001
2009-07-23,66.879997,67.459999,62.759998,62.799999,2057800,62.799999
2009-07-22,64.410004,67.00,64.260002,66.32,934400,66.32
2009-07-21,65.019997,65.379997,62.73,64.059998,619700,64.059998
2009-07-20,62.830002,65.269997,62.669998,64.900002,1168900,64.900002
2009-07-17,63.75,63.75,61.66,62.00,561400,62.00
2009-07-16,62.18,63.389999,61.639999,63.34,544300,63.34
2009-07-15,61.110001,62.650002,60.869999,62.25,575400,62.25
2009-07-14,58.939999,60.369999,58.310001,59.970001,837700,59.970001
2009-07-13,58.299999,59.169998,57.00,58.919998,465800,58.919998
2009-07-10,57.759998,59.73,57.650002,58.27,716600,58.27
2009-07-09,57.349998,59.610001,57.349998,59.290001,814100,59.290001
2009-07-08,57.669998,59.00,55.849998,56.98,957500,56.98
2009-07-07,58.32,59.700001,57.59,57.619999,700500,57.619999
2009-07-06,60.00,60.00,57.900002,58.779999,1341100,58.779999
2009-07-02,61.990002,61.990002,60.119999,60.610001,960300,60.610001
2009-07-01,63.02,64.18,62.57,62.720001,1076400,62.720001
2009-06-30,64.769997,65.419998,62.18,62.830002,1202600,62.830002
2009-06-29,67.959999,68.00,64.360001,64.620003,1312100,64.620003
2009-06-26,64.910004,67.949997,64.910004,67.730003,1115500,67.730003
2009-06-25,64.57,66.379997,64.139999,65.639999,871100,65.639999
2009-06-24,62.919998,65.160004,62.549999,64.43,968100,64.43
2009-06-23,61.07,62.27,60.330002,62.02,1157300,62.02
2009-06-22,64.059998,64.059998,60.900002,61.209999,1113100,61.209999
2009-06-19,63.990002,65.239998,63.669998,64.550003,1284500,64.550003
2009-06-18,64.07,64.809998,62.98,63.490002,997600,63.490002
2009-06-17,63.68,64.510002,62.50,63.82,988000,63.82
2009-06-16,66.150002,66.379997,63.529999,64.00,1147900,64.00
2009-06-15,65.610001,66.75,65.489998,65.910004,988200,65.910004
2009-06-12,67.629997,67.919998,65.959999,66.580002,736700,66.580002
2009-06-11,68.699997,69.459999,66.949997,67.639999,1031500,67.639999
2009-06-10,68.760002,69.540001,67.370003,69.260002,1481300,69.260002
2009-06-09,67.129997,69.169998,66.489998,68.870003,1089700,68.870003
2009-06-08,66.959999,67.489998,64.959999,66.900002,1313400,66.900002
2009-06-05,67.209999,68.50,66.949997,68.00,1256300,68.00
2009-06-04,66.089996,67.389999,65.360001,67.099998,1306400,67.099998
2009-06-03,65.00,67.00,64.07,66.900002,1768600,66.900002
2009-06-02,65.449997,65.800003,64.019997,65.290001,1338400,65.290001
2009-06-01,65.50,67.50,65.290001,66.25,1987900,66.25
2009-05-29,59.290001,63.139999,59.290001,63.02,2149700,63.02
2009-05-28,58.450001,59.450001,56.959999,58.540001,676900,58.540001
2009-05-27,58.380001,59.950001,57.799999,57.799999,947300,57.799999
2009-05-26,54.650002,58.130001,54.50,58.049999,1323400,58.049999
2009-05-22,53.07,54.66,52.650002,54.240002,612300,54.240002
2009-05-21,54.48,54.48,52.59,53.209999,713300,53.209999
2009-05-20,55.380001,56.950001,54.200001,54.57,1167400,54.57
2009-05-19,54.50,56.349998,54.34,55.459999,967200,55.459999
2009-05-18,52.889999,55.23,52.869999,55.189999,940400,55.189999
2009-05-15,52.68,53.34,51.700001,52.580002,803200,52.580002
2009-05-14,52.77,53.50,51.220001,53.16,892100,53.16
2009-05-13,52.970001,53.240002,51.75,52.490002,1429200,52.490002
2009-05-12,56.060001,56.200001,53.720001,53.98,990600,53.98
2009-05-11,54.639999,56.77,53.810001,55.32,1291800,55.32
2009-05-08,54.709999,56.43,53.139999,55.189999,1369400,55.189999
2009-05-07,55.43,56.209999,53.669998,54.169998,1479700,54.169998
2009-05-06,56.849998,57.299999,55.169998,55.41,1467500,55.41
2009-05-05,57.009998,57.259998,54.639999,56.189999,1715300,56.189999
2009-05-04,59.25,60.450001,57.189999,57.549999,4572800,57.549999
2009-05-01,53.75,57.07,53.470001,56.75,2240100,56.75
2009-04-30,51.34,54.00,51.009998,52.150002,2382600,52.150002
2009-04-29,50.450001,51.299999,49.830002,50.040001,1816900,50.040001
2009-04-28,50.610001,51.02,49.18,49.360001,1738500,49.360001
2009-04-27,52.360001,52.75,50.189999,50.529999,2125500,50.529999
2009-04-24,47.860001,53.470001,47.77,52.43,2915700,52.43
2009-04-23,46.889999,48.07,46.220001,47.880001,1318600,47.880001
2009-04-22,46.209999,48.860001,46.150002,46.619999,1608900,46.619999
2009-04-21,46.110001,47.00,45.369999,46.639999,1290200,46.639999
2009-04-20,47.759998,47.970001,46.189999,46.43,1218600,46.43
2009-04-17,47.009998,48.389999,46.369999,47.869999,1903000,47.869999
2009-04-16,50.009998,50.150002,48.380001,49.700001,1381100,49.700001
2009-04-15,49.799999,50.799999,48.549999,49.310001,1286800,49.310001
2009-04-14,50.080002,51.00,49.18,49.84,1437500,49.84
2009-04-13,47.970001,50.950001,47.82,50.00,2300100,50.00
2009-04-09,47.150002,48.450001,47.029999,48.110001,1554800,48.110001
2009-04-08,45.869999,46.790001,45.48,46.040001,1686000,46.040001
2009-04-07,45.48,46.380001,45.240002,45.509998,1740700,45.509998
2009-04-06,44.549999,46.380001,44.200001,46.23,2094500,46.23
2009-04-03,42.669998,45.00,42.040001,45.00,2101600,45.00
2009-04-02,44.810001,46.080002,40.889999,42.310001,5406800,42.310001
2009-04-01,41.889999,43.869999,41.41,43.630001,2684400,43.630001
2009-03-31,40.740002,42.349998,39.860001,41.310001,2694900,41.310001
2009-03-30,40.509998,41.130001,39.77,40.099998,1521100,40.099998
2009-03-27,41.990002,43.560001,40.73,41.720001,1508100,41.720001
2009-03-26,42.52,43.169998,41.869999,42.400002,1513800,42.400002
2009-03-25,41.110001,43.34,40.77,41.68,2274600,41.68
2009-03-24,38.540001,42.099998,38.509998,41.110001,2702500,41.110001
2009-03-23,39.490002,40.939999,39.00,40.130001,2981700,40.130001
2009-03-20,40.34,40.490002,38.25,39.349998,2832700,39.349998
2009-03-19,43.200001,43.939999,38.669998,39.959999,6345200,39.959999
2009-03-18,46.52,47.099998,44.400002,44.529999,4176100,44.529999
2009-03-17,43.98,48.75,43.259998,48.369999,3071400,48.369999
2009-03-16,49.00,49.240002,45.009998,45.169998,2695500,45.169998
2009-03-13,48.610001,50.299999,47.310001,48.43,2182900,48.43
2009-03-12,48.919998,49.18,47.150002,48.080002,1584700,48.080002
2009-03-11,47.66,49.59,46.599998,49.060001,1751900,49.060001
2009-03-10,44.00,47.849998,43.990002,47.09,1385200,47.09
2009-03-09,43.060001,45.139999,42.610001,43.009998,1251000,43.009998
2009-03-06,44.389999,44.439999,42.310001,43.98,1093100,43.98
2009-03-05,45.009998,45.740002,43.119999,43.619999,1589400,43.619999
2009-03-04,45.48,46.709999,45.00,45.990002,2008000,45.990002
2009-03-03,43.50,46.16,42.18,42.849998,1930400,42.849998
2009-03-02,48.330002,48.43,43.849998,44.18,1879000,44.18
2009-02-27,47.529999,49.84,47.43,49.400002,1204100,49.400002
2009-02-26,50.09,51.00,48.900002,49.450001,1510800,49.450001
2009-02-25,47.48,50.59,47.00,49.380001,1784600,49.380001
2009-02-24,44.759998,47.939999,44.50,47.59,1464300,47.59
2009-02-23,45.98,46.419998,44.259998,44.360001,814900,44.360001
2009-02-20,44.43,45.900002,44.00,45.169998,975900,45.169998
2009-02-19,46.50,47.459999,44.880001,45.110001,1292700,45.110001
2009-02-18,45.689999,46.00,44.200001,45.77,1548900,45.77
2009-02-17,44.450001,45.68,44.119999,44.860001,1200500,44.860001
2009-02-13,46.669998,48.189999,46.580002,47.389999,774600,47.389999
2009-02-12,46.209999,46.959999,45.029999,46.939999,1010200,46.939999
2009-02-11,46.50,48.549999,45.540001,46.93,1608200,46.93
2009-02-10,48.330002,48.990002,45.75,46.040001,1559500,46.040001
2009-02-09,49.48,50.00,47.50,49.16,3574800,49.16
2009-02-06,42.860001,46.080002,42.830002,45.610001,2403100,45.610001
2009-02-05,41.50,43.099998,40.610001,42.880001,866500,42.880001
2009-02-04,39.970001,42.130001,39.849998,41.310001,1092600,41.310001
2009-02-03,38.709999,39.900002,38.040001,39.52,901900,39.52
2009-02-02,39.529999,39.529999,37.900002,38.66,1066900,38.66
2009-01-30,40.84,41.00,39.299999,39.549999,1672700,39.549999
2009-01-29,41.00,41.48,40.139999,40.369999,814100,40.369999
2009-01-28,39.990002,42.380001,39.509998,41.900002,1160800,41.900002
2009-01-27,38.950001,39.849998,37.860001,38.049999,1156900,38.049999
2009-01-26,40.470001,40.580002,38.790001,39.529999,804600,39.529999
2009-01-23,37.509998,40.43,37.509998,39.790001,731000,39.790001
2009-01-22,39.639999,40.09,38.610001,39.470001,1058900,39.470001
2009-01-21,39.98,40.470001,38.00,40.27,1312400,40.27
2009-01-20,39.810001,40.279999,38.009998,38.560001,1524900,38.560001
2009-01-16,38.970001,40.98,38.50,40.810001,1437600,40.810001
2009-01-15,39.43,39.700001,37.41,37.869999,1808900,37.869999
2009-01-14,41.139999,41.299999,38.630001,39.099998,2179600,39.099998
2009-01-13,42.18,42.18,39.599998,40.700001,2334100,40.700001
2009-01-12,44.75,44.759998,40.50,41.349998,1318100,41.349998
2009-01-09,46.560001,46.68,44.599998,44.91,673000,44.91
2009-01-08,45.73,46.119999,44.32,45.959999,1157300,45.959999
2009-01-07,47.720001,47.73,45.57,46.330002,1097000,46.330002
2009-01-06,49.09,50.580002,47.860001,48.00,881200,48.00
2009-01-05,48.470001,50.389999,47.439999,49.169998,660400,49.169998
2009-01-02,47.349998,48.720001,47.349998,48.52,471000,48.52
2008-12-31,46.029999,47.599998,46.00,47.34,490600,47.34
2008-12-30,45.00,46.220001,44.950001,46.220001,573400,46.220001
2008-12-29,43.889999,45.099998,43.080002,44.959999,609300,44.959999
2008-12-26,42.990002,43.790001,42.990002,43.68,217000,43.68
2008-12-24,42.00,43.200001,42.00,42.630001,304100,42.630001
2008-12-23,43.849998,43.849998,42.080002,42.810001,492400,42.810001
2008-12-22,45.93,45.93,42.389999,43.349998,631500,43.349998
2008-12-19,45.16,45.860001,44.25,45.450001,571900,45.450001
2008-12-18,45.139999,46.889999,44.790001,45.130001,938200,45.130001
2008-12-17,43.400002,46.43,43.169998,45.50,1621500,45.50
2008-12-16,42.630001,44.709999,42.16,44.169998,1175700,44.169998
2008-12-15,44.259998,44.98,41.099998,42.139999,2634100,42.139999
2008-12-12,42.259998,44.09,41.790001,43.779999,985600,43.779999
2008-12-11,44.389999,46.119999,42.880001,43.560001,1307900,43.560001
2008-12-10,45.709999,45.939999,44.00,44.41,1032300,44.41
2008-12-09,46.619999,46.689999,43.00,44.139999,1054200,44.139999
2008-12-08,45.540001,47.900002,44.93,46.43,1503100,46.43
2008-12-05,43.09,44.689999,41.00,44.619999,1332700,44.619999
2008-12-04,43.959999,46.419998,42.810001,43.549999,939600,43.549999
2008-12-03,43.099998,45.07,42.709999,44.720001,1237000,44.720001
2008-12-02,44.889999,46.00,42.869999,44.200001,1081000,44.200001
2008-12-01,45.889999,47.259998,43.23,43.689999,1201200,43.689999
2008-11-28,48.610001,49.00,47.07,48.540001,572200,48.540001
2008-11-26,42.00,49.41,41.34,48.810001,1450100,48.810001
2008-11-25,43.07,43.630001,40.330002,42.75,1260600,42.75
2008-11-24,38.889999,42.68,37.779999,42.389999,1610700,42.389999
2008-11-21,35.919998,37.720001,34.529999,37.509998,1370700,37.509998
2008-11-20,36.25,38.169998,34.099998,34.560001,1867200,34.560001
2008-11-19,41.200001,42.59,37.259998,37.290001,1933200,37.290001
2008-11-18,41.009998,42.25,40.200001,41.84,1486400,41.84
2008-11-17,42.509998,43.470001,40.169998,40.700001,1708200,40.700001
2008-11-14,45.139999,45.990002,43.18,43.32,1711200,43.32
2008-11-13,40.080002,46.240002,40.080002,46.23,2374700,46.23
2008-11-12,43.099998,43.220001,40.970001,40.970001,1430900,40.970001
2008-11-11,50.830002,51.490002,43.25,43.709999,2058800,43.709999
2008-11-10,54.439999,54.470001,52.00,52.32,1033100,52.32
2008-11-07,53.32,53.32,51.00,51.810001,728100,51.810001
2008-11-06,53.599998,54.720001,51.00,51.439999,805600,51.439999
2008-11-05,58.50,58.50,54.700001,54.849998,1076100,54.849998
2008-11-04,57.389999,58.810001,55.27,58.810001,1135900,58.810001
2008-11-03,55.68,56.810001,54.459999,55.700001,1069800,55.700001
2008-10-31,53.330002,55.150002,52.27,54.939999,1171500,54.939999
2008-10-30,54.50,54.98,50.209999,53.259998,1116000,53.259998
2008-10-29,52.00,54.75,50.00,53.02,1599800,53.02
2008-10-28,45.200001,52.439999,43.50,52.130001,2833800,52.130001
2008-10-27,47.00,49.200001,41.84,42.73,4200300,42.73
2008-10-24,45.009998,47.23,43.709999,44.73,1958400,44.73
2008-10-23,52.630001,53.77,47.450001,49.27,1626500,49.27
2008-10-22,56.50,57.00,51.689999,53.369999,1602300,53.369999
2008-10-21,57.84,59.400002,56.00,57.869999,1437900,57.869999
2008-10-20,55.599998,57.98,55.099998,57.299999,1637200,57.299999
2008-10-17,49.619999,55.349998,48.77,54.470001,1775500,54.470001
2008-10-16,49.439999,51.150002,46.200001,49.68,1974800,49.68
2008-10-15,52.07,54.799999,48.669998,49.43,1224100,49.43
2008-10-14,57.860001,59.099998,53.599998,54.849998,1748900,54.849998
2008-10-13,52.509998,57.169998,51.549999,56.75,1872800,56.75
2008-10-10,45.200001,50.810001,44.139999,48.360001,1661900,48.360001
2008-10-09,51.66,52.970001,47.009998,47.93,1757000,47.93
2008-10-08,50.029999,53.619999,48.919998,50.349998,2862100,50.349998
2008-10-07,52.400002,53.990002,50.830002,52.299999,2111700,52.299999
2008-10-06,53.110001,53.599998,48.00,52.389999,1820100,52.389999
2008-10-03,53.259998,56.279999,53.259998,55.040001,3078500,55.040001
2008-10-02,55.150002,55.880001,51.599998,52.549999,1439600,52.549999
2008-10-01,55.869999,56.279999,53.00,56.220001,2385200,56.220001
2008-09-30,52.00,56.00,51.16,55.75,1271800,55.75
2008-09-29,57.650002,57.700001,49.099998,50.900002,1997100,50.900002
2008-09-26,60.529999,61.389999,57.41,59.040001,1242900,59.040001
2008-09-25,61.470001,63.310001,60.549999,62.400002,1117500,62.400002
2008-09-24,60.23,62.919998,58.990002,62.029999,1415600,62.029999
2008-09-23,61.610001,62.509998,58.25,58.900002,1195300,58.900002
2008-09-22,65.120003,65.879997,61.32,61.490002,1424100,61.490002
2008-09-19,64.349998,66.00,62.00,65.129997,2061800,65.129997
2008-09-18,57.990002,62.330002,53.549999,60.080002,2327600,60.080002
2008-09-17,57.540001,59.900002,55.23,56.900002,2468600,56.900002
2008-09-16,54.00,58.32,53.68,57.540001,2413900,57.540001
2008-09-15,58.099998,59.700001,56.009998,56.119999,1706000,56.119999
2008-09-12,59.50,62.73,59.259998,61.110001,2214200,61.110001
2008-09-11,59.59,60.349998,57.07,59.950001,2862800,59.950001
2008-09-10,61.00,61.75,58.68,60.959999,1544900,60.959999
2008-09-09,65.040001,66.339996,60.279999,60.360001,1807000,60.360001
2008-09-08,70.290001,70.830002,63.369999,65.279999,1673600,65.279999
2008-09-05,65.349998,68.309998,64.93,67.959999,1632600,67.959999
2008-09-04,70.879997,71.150002,65.839996,66.349998,1648800,66.349998
2008-09-03,73.690002,75.720001,70.360001,71.529999,1687900,71.529999
2008-09-02,76.849998,77.559998,72.690002,73.309998,959700,73.309998
2008-08-29,76.989998,77.690002,74.50,75.300003,984300,75.300003
2008-08-28,77.300003,78.32,76.599998,77.440002,799200,77.440002
2008-08-27,74.980003,77.769997,74.529999,77.300003,1030700,77.300003
2008-08-26,76.510002,76.879997,73.519997,74.449997,1370500,74.449997
2008-08-25,77.190002,79.900002,76.50,77.239998,847900,77.239998
2008-08-22,76.699997,79.00,76.379997,77.300003,1184800,77.300003
2008-08-21,75.010002,76.910004,74.309998,76.300003,691000,76.300003
2008-08-20,76.00,76.239998,73.769997,75.870003,1122500,75.870003
2008-08-19,75.260002,76.660004,73.610001,75.07,1245200,75.07
2008-08-18,76.080002,76.480003,74.410004,75.120003,1135200,75.120003
2008-08-15,77.440002,77.440002,74.379997,75.75,837800,75.75
2008-08-14,74.260002,78.720001,74.25,76.510002,1344600,76.510002
2008-08-13,75.199997,75.970001,73.610001,75.160004,1477000,75.160004
2008-08-12,72.00,76.50,71.620003,75.309998,2139100,75.309998
2008-08-11,71.940002,73.480003,71.010002,72.050003,1408300,72.050003
2008-08-08,72.00,73.879997,70.519997,72.50,1409800,72.50
2008-08-07,75.720001,75.809998,71.349998,71.949997,2285400,71.949997
2008-08-06,74.580002,78.160004,73.120003,77.199997,1462400,77.199997
2008-08-05,76.690002,76.690002,74.099998,75.389999,1141000,75.389999
2008-08-04,78.75,79.989998,74.839996,75.440002,1522900,75.440002
2008-08-01,75.480003,79.870003,75.059998,79.209999,2276600,79.209999
2008-07-31,75.279999,77.370003,74.800003,75.480003,1509400,75.480003
2008-07-30,76.080002,78.449997,74.949997,76.940002,2230100,76.940002
2008-07-29,78.970001,79.110001,72.410004,76.860001,3704000,76.860001
2008-07-28,84.910004,87.989998,77.110001,78.610001,8079900,78.610001
2008-07-25,85.080002,85.50,80.199997,82.82,2578500,82.82
2008-07-24,84.589996,86.00,83.18,84.260002,2478200,84.260002
2008-07-23,78.900002,82.730003,78.379997,82.389999,2289400,82.389999
2008-07-22,75.800003,78.470001,74.720001,78.239998,1484200,78.239998
2008-07-21,75.809998,77.970001,75.559998,77.18,1776500,77.18
2008-07-18,72.440002,76.43,71.699997,75.699997,2608400,75.699997
2008-07-17,74.300003,75.529999,72.75,74.089996,1877700,74.089996
2008-07-16,66.989998,73.440002,66.75,73.300003,2768500,73.300003
2008-07-15,66.760002,67.00,61.810001,65.809998,3060200,65.809998
2008-07-14,70.50,71.489998,67.400002,68.489998,1458000,68.489998
2008-07-11,70.900002,70.900002,68.160004,69.800003,2058100,69.800003
2008-07-10,70.510002,72.50,68.82,71.470001,1948300,71.470001
2008-07-09,68.650002,72.50,68.50,71.709999,3354900,71.709999
2008-07-08,70.050003,71.00,67.120003,68.080002,3318800,68.080002
2008-07-07,74.25,74.980003,68.870003,70.709999,2508500,70.709999
2008-07-03,73.410004,74.459999,71.669998,73.449997,1516700,73.449997
2008-07-02,75.220001,75.830002,72.50,73.400002,2432900,73.400002
2008-07-01,68.699997,74.900002,67.730003,74.870003,2414800,74.870003
2008-06-30,70.120003,72.599998,69.830002,70.440002,1950400,70.440002
2008-06-27,67.330002,71.650002,66.949997,71.580002,5372000,71.580002
2008-06-26,71.400002,71.889999,67.510002,68.040001,2678700,68.040001
2008-06-25,70.93,74.550003,70.639999,73.110001,2316700,73.110001
2008-06-24,75.440002,75.699997,70.370003,70.709999,2738000,70.709999
2008-06-23,73.580002,76.879997,72.269997,75.830002,3836000,75.830002
2008-06-20,80.650002,80.800003,71.400002,71.910004,5609100,71.910004
2008-06-19,82.269997,83.849998,81.010002,83.300003,1503600,83.300003
2008-06-18,81.599998,83.449997,80.510002,82.949997,1898900,82.949997
2008-06-17,82.889999,84.010002,80.50,81.459999,1613400,81.459999
2008-06-16,80.199997,82.790001,77.769997,82.480003,2590700,82.480003
2008-06-13,76.699997,80.269997,76.080002,79.43,2033300,79.43
2008-06-12,79.510002,80.18,74.050003,75.400002,2393400,75.400002
2008-06-11,78.00,80.019997,77.089996,78.110001,2171800,78.110001
2008-06-10,80.900002,81.00,76.589996,77.849998,3421500,77.849998
2008-06-09,84.00,85.00,80.550003,82.830002,2705200,82.830002
2008-06-06,89.57,89.970001,83.18,83.279999,3361300,83.279999
2008-06-05,91.00,91.50,89.660004,91.260002,1562500,91.260002
2008-06-04,88.989998,91.489998,88.110001,90.699997,1820700,90.699997
2008-06-03,85.529999,90.25,85.529999,89.059998,2873000,89.059998
2008-06-02,87.389999,88.110001,84.199997,86.199997,1548400,86.199997
2008-05-30,86.93,88.110001,85.989998,87.519997,1934900,87.519997
2008-05-29,82.919998,87.93,82.199997,85.970001,3489400,85.970001
2008-05-28,78.599998,83.330002,77.519997,83.330002,2246000,83.330002
2008-05-27,76.400002,78.239998,75.190002,77.720001,1653800,77.720001
2008-05-23,76.300003,77.190002,74.790001,76.699997,1899600,76.699997
2008-05-22,78.120003,79.199997,75.410004,77.779999,2374700,77.779999
2008-05-21,80.660004,83.260002,77.559998,78.110001,2401500,78.110001
2008-05-20,81.029999,81.889999,78.370003,80.970001,1850500,80.970001
2008-05-19,83.160004,85.93,81.68,82.239998,2275600,82.239998
2008-05-16,84.470001,84.540001,81.800003,83.540001,1547600,83.540001
2008-05-15,82.019997,84.110001,81.029999,83.879997,2597900,83.879997
2008-05-14,83.489998,85.00,79.580002,80.300003,3355500,80.300003
2008-05-13,82.00,82.07,79.110001,81.800003,2263300,81.800003
2008-05-12,75.349998,82.50,75.160004,82.199997,3581000,82.199997
2008-05-09,74.57,76.989998,74.019997,75.82,2352600,75.82
2008-05-08,72.099998,76.18,71.50,75.940002,3769500,75.940002
2008-05-07,77.139999,78.190002,70.519997,71.519997,4994900,71.519997
2008-05-06,76.279999,79.849998,75.639999,79.559998,2528100,79.559998
2008-05-05,78.00,78.379997,75.50,76.00,3617700,76.00
2008-05-02,76.800003,78.00,75.00,77.68,3109900,77.68
2008-05-01,70.050003,75.599998,70.050003,75.440002,3472900,75.440002
2008-04-30,70.550003,71.139999,67.669998,69.129997,3167100,69.129997
2008-04-29,71.139999,73.400002,69.879997,72.169998,2807800,72.169998
2008-04-28,69.830002,71.919998,65.800003,70.809998,11732300,70.809998
2008-04-25,60.400002,62.650002,59.209999,61.84,2999600,61.84
2008-04-24,58.380001,58.950001,57.009998,58.009998,817300,58.009998
2008-04-23,58.200001,59.00,57.599998,57.799999,858100,57.799999
2008-04-22,58.220001,58.860001,57.09,58.200001,906300,58.200001
2008-04-21,56.27,58.330002,56.139999,58.02,1219900,58.02
2008-04-18,57.299999,59.099998,56.00,56.50,1992600,56.50
2008-04-17,55.040001,55.689999,54.060001,55.470001,1019300,55.470001
2008-04-16,50.66,55.59,50.630001,55.110001,2233100,55.110001
2008-04-15,49.209999,50.220001,48.849998,49.970001,529100,49.970001
2008-04-14,48.880001,49.279999,48.080002,48.880001,625800,48.880001
2008-04-11,49.939999,50.43,48.939999,49.209999,767900,49.209999
2008-04-10,49.77,50.970001,48.66,50.639999,802500,50.639999
2008-04-09,49.490002,50.400002,48.869999,49.470001,611500,49.470001
2008-04-08,47.560001,50.290001,47.560001,49.619999,680800,49.619999
2008-04-07,51.240002,51.759998,48.599998,49.130001,1154800,49.130001
2008-04-04,51.639999,52.610001,50.50,51.41,1014700,51.41
2008-04-03,49.900002,51.939999,49.220001,51.459999,1037800,51.459999
2008-04-02,49.200001,51.490002,48.419998,49.889999,994100,49.889999
2008-04-01,46.150002,49.470001,45.299999,49.02,1277500,49.02
2008-03-31,45.799999,46.360001,44.009998,45.130001,862400,45.130001
2008-03-28,46.59,48.16,45.240002,46.029999,1000100,46.029999
2008-03-27,46.689999,46.779999,45.00,45.68,644900,45.68
2008-03-26,46.25,46.84,45.50,46.220001,1085500,46.220001
2008-03-25,44.77,46.91,44.610001,46.209999,1720000,46.209999
2008-03-24,41.18,44.43,41.099998,43.599998,878300,43.599998
2008-03-20,40.099998,41.23,38.450001,41.119999,1946400,41.119999
2008-03-19,44.00,44.549999,40.290001,40.380001,1591600,40.380001
2008-03-18,42.50,43.880001,41.380001,43.619999,1288100,43.619999
2008-03-17,43.00,43.630001,40.490002,42.07,1306600,42.07
2008-03-14,46.00,46.43,44.110001,44.549999,1068000,44.549999
2008-03-13,45.490002,47.209999,43.599998,46.650002,1524000,46.650002
2008-03-12,44.720001,47.990002,44.119999,46.41,1276500,46.41
2008-03-11,42.700001,44.779999,42.700001,44.700001,1045200,44.700001
2008-03-10,44.830002,45.00,42.48,42.48,731100,42.48
2008-03-07,43.970001,45.84,43.68,44.830002,808500,44.830002
2008-03-06,44.939999,45.73,44.009998,44.18,840400,44.18
2008-03-05,43.900002,45.720001,43.599998,45.099998,909500,45.099998
2008-03-04,44.470001,44.700001,42.759998,43.779999,1074800,43.779999
2008-03-03,45.049999,45.419998,43.84,44.849998,810400,44.849998
2008-02-29,46.02,46.599998,44.50,45.080002,946000,45.080002
2008-02-28,44.439999,47.470001,44.439999,46.630001,1381900,46.630001
2008-02-27,45.43,46.099998,44.380001,45.25,764100,45.25
2008-02-26,44.279999,46.560001,44.00,45.580002,1507300,45.580002
2008-02-25,46.529999,46.98,43.32,44.310001,1997100,44.310001
2008-02-22,47.009998,47.630001,45.240002,46.57,1691500,46.57
2008-02-21,48.240002,48.599998,47.209999,47.490002,1018200,47.490002
2008-02-20,47.41,48.290001,46.349998,47.799999,958000,47.799999
2008-02-19,46.57,48.419998,46.470001,47.130001,1005900,47.130001
2008-02-15,46.16,46.580002,45.439999,46.41,763600,46.41
2008-02-14,48.75,49.48,46.25,46.610001,1695900,46.610001
2008-02-13,46.50,48.610001,44.310001,48.27,1644700,48.27
2008-02-12,47.650002,49.50,46.040001,46.459999,1393200,46.459999
2008-02-11,45.689999,47.639999,45.450001,47.220001,1719600,47.220001
2008-02-08,44.259998,45.830002,44.00,45.080002,882100,45.080002
2008-02-07,43.00,44.869999,41.52,44.279999,1835200,44.279999
2008-02-06,46.57,47.00,42.959999,43.299999,1721400,43.299999
2008-02-05,47.529999,47.860001,45.060001,46.290001,3797500,46.290001
2008-02-04,50.700001,51.869999,48.52,48.950001,2169000,48.950001
2008-02-01,47.060001,50.50,47.029999,50.490002,2118300,50.490002
2008-01-31,43.00,46.68,42.599998,46.529999,1045300,46.529999
2008-01-30,43.130001,45.00,42.73,43.799999,778800,43.799999
2008-01-29,45.029999,45.189999,43.080002,43.48,1039900,43.48
2008-01-28,44.099998,45.23,43.18,44.540001,1482700,44.540001
2008-01-25,45.869999,46.330002,44.450001,45.279999,1183500,45.279999
2008-01-24,42.040001,44.50,42.00,44.029999,817200,44.029999
2008-01-23,38.66,42.360001,38.23,41.630001,1531500,41.630001
2008-01-22,36.639999,40.950001,35.75,39.82,1367200,39.82
2008-01-18,42.650002,43.59,41.09,42.049999,1361600,42.049999
2008-01-17,42.66,44.599998,42.279999,42.389999,1495900,42.389999
2008-01-16,45.549999,47.189999,41.619999,42.73,3332800,42.73
2008-01-15,50.150002,50.52,47.52,47.93,1070700,47.93
2008-01-14,48.32,51.639999,48.200001,51.360001,1059600,51.360001
2008-01-11,48.16,49.299999,47.040001,48.189999,781800,48.189999
2008-01-10,49.060001,50.00,47.419998,49.50,850800,49.50
2008-01-09,47.799999,49.25,47.18,48.900002,1202600,48.900002
2008-01-08,48.349998,50.77,47.560001,47.720001,916100,47.720001
2008-01-07,50.52,51.189999,47.75,48.860001,1081400,48.860001
2008-01-04,52.080002,52.549999,49.799999,50.459999,1155100,50.459999
2008-01-03,52.50,54.299999,52.18,53.200001,753300,53.200001
2008-01-02,54.799999,55.349998,51.650002,52.259998,874500,52.259998
2007-12-31,53.310001,54.599998,52.27,54.52,865900,54.52
2007-12-28,54.52,54.799999,52.50,53.119999,843800,53.119999
2007-12-27,56.130001,57.41,53.82,54.139999,716100,54.139999
2007-12-26,54.310001,56.790001,53.790001,56.580002,744500,56.580002
2007-12-24,54.75,55.119999,53.650002,54.639999,212100,54.639999
2007-12-21,55.150002,55.50,54.529999,54.650002,895400,54.650002
2007-12-20,54.259998,54.41,52.720001,54.32,493900,54.32
2007-12-19,53.779999,54.279999,52.830002,53.790001,914000,53.790001
2007-12-18,52.50,55.02,51.630001,54.540001,1166100,54.540001
2007-12-17,55.509998,55.75,50.810001,51.540001,1204900,51.540001
2007-12-14,55.130001,57.41,55.00,56.02,790400,56.02
2007-12-13,54.939999,55.990002,54.389999,55.599998,794000,55.599998
2007-12-12,54.700001,56.299999,54.50,55.720001,1146000,55.720001
2007-12-11,56.299999,57.48,53.400002,53.549999,1396600,53.549999
2007-12-10,57.93,58.130001,55.599998,55.799999,1121400,55.799999
2007-12-07,58.529999,58.529999,57.00,57.540001,966300,57.540001
2007-12-06,58.50,59.939999,57.360001,58.00,1733000,58.00
2007-12-05,64.769997,64.830002,57.610001,58.00,4569400,58.00
2007-12-04,57.790001,60.84,57.790001,59.830002,1416300,59.830002
2007-12-03,56.549999,60.369999,56.450001,58.080002,1685500,58.080002
2007-11-30,60.02,61.00,56.32,57.380001,1208800,57.380001
2007-11-29,58.299999,59.740002,57.169998,58.169998,1087200,58.169998
2007-11-28,55.00,58.900002,54.709999,58.900002,2158500,58.900002
2007-11-27,52.09,54.259998,50.459999,53.650002,1949100,53.650002
2007-11-26,49.099998,53.450001,49.02,50.98,1705800,50.98
2007-11-23,48.419998,49.639999,48.00,48.610001,484400,48.610001
2007-11-21,47.290001,49.349998,47.040001,47.93,1018400,47.93
2007-11-20,48.509998,51.25,47.360001,48.779999,1737900,48.779999
2007-11-19,50.369999,50.810001,48.060001,48.27,1576600,48.27
2007-11-16,50.139999,50.880001,48.599998,50.82,1033300,50.82
2007-11-15,49.599998,52.18,49.049999,49.830002,1372300,49.830002
2007-11-14,56.060001,56.73,51.00,51.389999,1518000,51.389999
2007-11-13,49.360001,53.779999,49.150002,53.32,2481500,53.32
2007-11-12,51.32,51.900002,47.209999,47.970001,2684400,47.970001
2007-11-09,51.029999,53.759998,50.880001,51.900002,1577400,51.900002
2007-11-08,58.84,58.900002,50.200001,53.349998,3834300,53.349998
2007-11-07,58.349998,60.799999,57.209999,58.830002,1788400,58.830002
2007-11-06,62.580002,62.639999,57.27,60.00,3301600,60.00
2007-11-05,61.200001,62.849998,59.790001,61.189999,2442800,61.189999
2007-11-02,62.73,63.529999,59.82,63.049999,3032400,63.049999
2007-11-01,59.169998,62.619999,57.919998,60.790001,4048000,60.790001
2007-10-31,58.240002,59.990002,57.029999,59.91,3844200,59.91
2007-10-30,58.799999,58.860001,56.099998,56.82,8599200,56.82
2007-10-29,53.139999,54.349998,52.400002,53.529999,5043000,53.529999
2007-10-26,47.459999,50.529999,47.459999,49.919998,2454000,49.919998
2007-10-25,46.669998,47.439999,45.360001,46.540001,1965200,46.540001
2007-10-24,43.59,46.880001,43.27,46.200001,2206400,46.200001
2007-10-23,42.060001,44.189999,41.310001,44.139999,1083200,44.139999
2007-10-22,40.119999,41.919998,39.310001,41.580002,1171900,41.580002
2007-10-19,43.41,43.52,40.459999,40.529999,1085400,40.529999
2007-10-18,42.900002,43.700001,42.52,43.299999,680400,43.299999
2007-10-17,45.810001,45.990002,43.00,43.48,1547300,43.48
2007-10-16,43.23,45.16,42.299999,44.950001,1415200,44.950001
2007-10-15,45.049999,45.439999,42.919998,43.66,1023100,43.66
2007-10-12,42.25,44.560001,41.939999,44.400002,1269600,44.400002
2007-10-11,44.389999,46.110001,41.549999,42.299999,2419800,42.299999
2007-10-10,41.150002,44.900002,41.00,44.130001,2123500,44.130001
2007-10-09,40.41,41.549999,40.380001,41.029999,1241000,41.029999
2007-10-08,39.220001,40.450001,38.880001,40.09,633400,40.09
2007-10-05,39.740002,40.330002,38.599998,39.240002,1198900,39.240002
2007-10-04,38.93,39.869999,38.689999,39.32,518100,39.32
2007-10-03,39.77,40.189999,38.560001,39.139999,1264100,39.139999
2007-10-02,38.650002,40.68,38.169998,40.200001,1327400,40.200001
2007-10-01,37.970001,38.34,37.849998,38.27,949600,38.27
2007-09-28,38.310001,38.580002,37.50,37.709999,949700,37.709999
2007-09-27,39.369999,39.950001,38.119999,38.419998,1086500,38.419998
2007-09-26,39.799999,39.830002,37.950001,38.73,1066500,38.73
2007-09-25,39.849998,40.18,39.119999,39.400002,1113000,39.400002
2007-09-24,40.880001,41.400002,39.380001,40.470001,1124500,40.470001
2007-09-21,39.869999,40.599998,39.740002,40.009998,1535400,40.009998
2007-09-20,39.099998,39.419998,38.43,38.759998,550100,38.759998
2007-09-19,38.450001,39.880001,38.450001,39.220001,1065800,39.220001
2007-09-18,37.669998,38.32,37.150002,38.23,1367000,38.23
2007-09-17,36.91,37.68,36.27,37.389999,742500,37.389999
2007-09-14,36.18,37.299999,36.099998,36.91,421500,36.91
2007-09-13,36.220001,36.889999,35.91,36.470001,687200,36.470001
2007-09-12,34.77,36.959999,34.299999,36.279999,1228400,36.279999
2007-09-11,34.080002,35.00,33.82,34.830002,327500,34.830002
2007-09-10,33.599998,34.189999,33.169998,33.849998,268100,33.849998
2007-09-07,34.599998,34.630001,33.48,33.610001,501500,33.610001
2007-09-06,35.200001,35.48,34.630001,35.07,561900,35.07
2007-09-05,34.220001,35.43,34.110001,35.279999,1084500,35.279999
2007-09-04,32.759998,35.50,32.700001,34.32,1375100,34.32
2007-08-31,32.049999,32.970001,31.860001,32.77,383000,32.77
2007-08-30,31.120001,31.85,31.040001,31.540001,313300,31.540001
2007-08-29,31.16,31.709999,30.93,31.370001,295500,31.370001
2007-08-28,31.91,32.299999,31.02,31.049999,431100,31.049999
2007-08-27,31.690001,32.700001,31.65,32.25,357100,32.25
2007-08-24,31.50,32.200001,31.209999,31.65,350000,31.65
2007-08-23,32.119999,32.73,31.030001,31.200001,736200,31.200001
2007-08-22,30.02,31.969999,30.00,31.76,805800,31.76
2007-08-21,29.33,30.02,29.33,29.67,412600,29.67
2007-08-20,30.57,30.77,29.26,29.440001,510500,29.440001
2007-08-17,29.75,31.17,29.52,30.030001,772900,30.030001
2007-08-16,31.00,31.25,27.299999,29.34,1915100,29.34
2007-08-15,31.700001,32.380001,31.110001,31.309999,281800,31.309999
2007-08-14,33.200001,33.43,31.780001,31.870001,429300,31.870001
2007-08-13,32.740002,33.689999,32.459999,32.970001,456200,32.970001
2007-08-10,34.00,34.00,31.10,32.720001,1734100,32.720001
2007-08-09,34.450001,35.98,33.630001,34.98,1263400,34.98
2007-08-08,33.959999,35.799999,33.950001,35.209999,2209900,35.209999
2007-08-07,32.599998,33.900002,32.220001,33.790001,1347000,33.790001
2007-08-06,33.66,33.77,31.709999,32.720001,1277600,32.720001
2007-08-03,32.990002,33.990002,32.869999,33.41,1294000,33.41
2007-08-02,34.25,34.400002,31.75,32.939999,2621100,32.939999
2007-08-01,33.349998,34.00,32.68,33.990002,2319700,33.990002
2007-07-31,32.98,33.959999,32.00,32.130001,1740900,32.130001
2007-07-30,30.76,31.540001,30.10,31.25,930700,31.25
2007-07-27,31.00,31.23,29.540001,30.08,971700,30.08
2007-07-26,31.00,31.799999,30.26,31.049999,1143600,31.049999
2007-07-25,31.209999,31.629999,29.889999,30.700001,1371300,30.700001
2007-07-24,31.91,32.09,30.84,30.860001,861800,30.860001
2007-07-23,32.580002,32.91,32.099998,32.139999,1242500,32.139999
2007-07-20,33.509998,33.68,32.00,32.599998,840400,32.599998
2007-07-19,33.27,34.75,33.27,33.580002,845700,33.580002
2007-07-18,33.299999,33.610001,32.84,33.209999,764100,33.209999
2007-07-17,33.029999,33.939999,33.029999,33.32,1584400,33.32
2007-07-16,34.110001,34.139999,32.919998,33.07,1037100,33.07
2007-07-13,34.299999,34.50,33.799999,34.27,593600,34.27
2007-07-12,34.650002,34.650002,34.279999,34.34,463900,34.34
2007-07-11,33.700001,34.509998,33.68,34.509998,1033600,34.509998
2007-07-10,33.919998,35.00,33.529999,33.580002,705700,33.580002
2007-07-09,33.759998,34.240002,33.68,33.919998,630700,33.919998
2007-07-06,33.549999,33.700001,33.200001,33.639999,544600,33.639999
2007-07-05,33.450001,33.75,32.880001,33.50,877200,33.50
2007-07-03,33.00,33.880001,32.799999,33.549999,793600,33.549999
2007-07-02,32.119999,33.060001,31.90,32.84,1452500,32.84
2007-06-29,30.200001,32.18,29.83,31.99,2100800,31.99
2007-06-28,29.08,30.27,28.780001,30.139999,1247500,30.139999
2007-06-27,28.50,29.08,27.860001,29.059999,1091100,29.059999
2007-06-26,28.790001,29.389999,28.110001,28.43,955800,28.43
2007-06-25,29.50,29.50,28.450001,28.50,1060700,28.50
2007-06-22,28.110001,29.959999,28.00,29.870001,2159700,29.870001
2007-06-21,27.15,27.60,26.870001,27.540001,743000,27.540001
2007-06-20,27.73,27.90,26.950001,27.209999,983500,27.209999
2007-06-19,27.799999,27.950001,27.52,27.620001,1121600,27.620001
2007-06-18,26.870001,27.75,26.85,27.74,613600,27.74
2007-06-15,27.18,27.190001,26.60,26.76,526400,26.76
2007-06-14,25.799999,26.93,25.77,26.91,962100,26.91
2007-06-13,25.639999,25.93,25.60,25.76,616000,25.76
2007-06-12,25.60,26.00,25.26,25.610001,874500,25.610001
2007-06-11,25.959999,26.200001,25.68,25.74,803300,25.74
2007-06-08,26.09,26.25,25.74,25.98,954400,25.98
2007-06-07,26.48,26.799999,26.120001,26.200001,1394100,26.200001
2007-06-06,26.41,26.60,26.17,26.58,783100,26.58
2007-06-05,26.129999,26.59,26.030001,26.59,540200,26.59
2007-06-04,26.10,26.360001,25.73,26.33,458100,26.33
2007-06-01,26.200001,26.48,26.049999,26.25,475700,26.25
2007-05-31,25.639999,26.139999,25.51,26.110001,709200,26.110001
2007-05-30,25.00,25.790001,24.90,25.639999,485300,25.639999
2007-05-29,25.24,25.559999,25.23,25.43,454600,25.43
2007-05-25,25.00,25.51,25.00,25.299999,690300,25.299999
2007-05-24,25.52,25.66,24.82,24.940001,718300,24.940001
2007-05-23,26.18,26.280001,25.549999,25.59,713600,25.59
2007-05-22,26.299999,26.620001,25.879999,26.030001,673200,26.030001
2007-05-21,24.93,26.799999,24.93,26.41,1188300,26.41
2007-05-18,25.10,25.48,24.709999,25.00,769600,25.00
2007-05-17,24.969999,25.09,24.67,25.059999,635800,25.059999
2007-05-16,24.559999,25.10,24.559999,25.09,784700,25.09
2007-05-15,24.50,25.09,24.50,24.530001,812800,24.530001
2007-05-14,24.98,25.34,24.360001,24.51,708300,24.51
2007-05-11,24.23,25.10,24.08,25.049999,749600,25.049999
2007-05-10,24.85,25.00,24.09,24.10,580000,24.10
2007-05-09,24.280001,25.040001,24.209999,24.98,841500,24.98
2007-05-08,24.040001,24.52,23.799999,24.50,907600,24.50
2007-05-07,24.299999,24.299999,23.969999,24.110001,498900,24.110001
2007-05-04,23.77,24.33,23.75,24.32,1025800,24.32
2007-05-03,23.799999,24.129999,23.48,23.66,888800,23.66
2007-05-02,23.059999,23.98,22.950001,23.90,4381200,23.90
2007-05-01,25.60,25.809999,24.76,25.52,2353700,25.52
2007-04-30,25.50,26.07,25.07,25.32,2385900,25.32
2007-04-27,24.16,25.219999,24.01,25.02,1323100,25.02
2007-04-26,23.280001,23.90,23.059999,23.719999,491600,23.719999
2007-04-25,23.23,23.549999,23.209999,23.290001,543500,23.290001
2007-04-24,23.469999,23.49,22.860001,23.15,1159000,23.15
2007-04-23,23.67,23.879999,23.469999,23.49,591400,23.49
2007-04-20,23.77,23.950001,23.530001,23.83,528000,23.83
2007-04-19,23.50,23.809999,23.40,23.450001,454400,23.450001
2007-04-18,23.540001,24.08,23.370001,23.92,821800,23.92
2007-04-17,23.99,23.99,23.549999,23.60,591700,23.60
2007-04-16,23.58,24.00,23.50,23.870001,823900,23.870001
2007-04-13,22.98,23.65,22.91,23.469999,1265200,23.469999
2007-04-12,22.43,22.959999,22.42,22.889999,788600,22.889999
2007-04-11,22.60,22.620001,22.280001,22.50,758700,22.50
2007-04-10,22.00,22.57,22.00,22.549999,875400,22.549999
2007-04-09,21.84,22.08,21.799999,21.959999,549900,21.959999
2007-04-05,21.49,21.860001,21.459999,21.790001,378800,21.790001
2007-04-04,21.200001,21.639999,21.200001,21.459999,1053900,21.459999
2007-04-03,21.15,21.469999,21.09,21.16,771100,21.16
2007-04-02,21.52,21.52,20.940001,21.15,644200,21.15
2007-03-30,21.66,21.75,21.26,21.43,687500,21.43
2007-03-29,21.85,21.940001,21.370001,21.60,371800,21.60
2007-03-28,21.83,22.139999,21.620001,21.66,468500,21.66
2007-03-27,22.030001,22.209999,21.790001,21.940001,254300,21.940001
2007-03-26,22.32,22.32,21.77,22.049999,427300,22.049999
2007-03-23,22.360001,22.58,22.049999,22.209999,690900,22.209999
2007-03-22,22.299999,22.59,22.18,22.26,699700,22.26
2007-03-21,22.379999,22.49,21.84,22.25,871800,22.25
2007-03-20,22.110001,23.120001,21.92,22.280001,1300300,22.280001
2007-03-19,22.129999,22.58,22.07,22.200001,549800,22.200001
2007-03-16,22.16,22.23,21.75,22.040001,777200,22.040001
2007-03-15,21.76,22.27,21.76,22.17,452000,22.17
2007-03-14,22.01,22.129999,21.370001,21.700001,1373700,21.700001
2007-03-13,22.549999,22.549999,21.940001,22.08,428200,22.08
2007-03-12,22.50,22.780001,22.469999,22.59,297000,22.59
2007-03-09,22.91,22.91,22.219999,22.559999,336100,22.559999
2007-03-08,22.629999,22.940001,22.60,22.76,562900,22.76
2007-03-07,22.809999,22.84,22.26,22.540001,532400,22.540001
2007-03-06,22.629999,22.969999,22.58,22.82,417600,22.82
2007-03-05,22.309999,22.959999,22.18,22.34,515800,22.34
2007-03-02,23.389999,23.639999,22.620001,22.620001,887500,22.620001
2007-03-01,22.43,23.559999,22.299999,23.51,774800,23.51
2007-02-28,22.90,23.389999,22.50,23.059999,750700,23.059999
2007-02-27,23.450001,23.50,22.40,22.809999,1616200,22.809999
2007-02-26,24.60,24.65,24.25,24.360001,301400,24.360001
2007-02-23,24.41,24.76,24.10,24.549999,526300,24.549999
2007-02-22,24.190001,24.299999,23.83,24.01,422400,24.01
2007-02-21,24.469999,24.49,24.110001,24.24,302400,24.24
2007-02-20,24.10,24.65,24.00,24.530001,312900,24.530001
2007-02-16,24.18,24.200001,23.93,24.10,405700,24.10
2007-02-15,24.41,24.41,24.01,24.190001,522300,24.190001
2007-02-14,24.309999,24.74,24.120001,24.48,497000,24.48
2007-02-13,24.030001,24.35,24.030001,24.25,429600,24.25
2007-02-12,24.200001,24.25,23.709999,24.08,774300,24.08
2007-02-09,25.309999,25.52,24.16,24.200001,1116000,24.200001
2007-02-08,24.469999,25.50,24.469999,25.280001,1307300,25.280001
2007-02-07,24.50,25.049999,24.25,24.469999,1758000,24.469999
2007-02-06,24.93,25.559999,23.549999,25.15,4876300,25.15
2007-02-05,26.629999,27.00,26.42,26.940001,947200,26.940001
2007-02-02,26.450001,27.09,26.290001,26.950001,556100,26.950001
2007-02-01,26.83,27.09,26.200001,26.32,552300,26.32
2007-01-31,26.700001,27.10,26.25,26.860001,591400,26.860001
2007-01-30,27.48,27.58,26.93,27.02,619900,27.02
2007-01-29,26.02,27.50,26.00,27.360001,1179500,27.360001
2007-01-26,25.84,26.129999,25.610001,26.030001,307500,26.030001
2007-01-25,26.18,26.40,25.43,25.58,704300,25.58
2007-01-24,25.379999,26.200001,25.309999,26.110001,495800,26.110001
2007-01-23,25.559999,25.799999,25.35,25.35,405500,25.35
2007-01-22,25.85,25.870001,25.35,25.65,446600,25.65
2007-01-19,25.690001,25.950001,25.450001,25.67,491900,25.67
2007-01-18,26.75,26.75,25.629999,25.790001,588500,25.790001
2007-01-17,26.450001,26.83,26.309999,26.700001,654200,26.700001
2007-01-16,26.50,26.68,26.33,26.50,362400,26.50
2007-01-12,26.18,26.40,25.83,26.25,497400,26.25
2007-01-11,26.40,26.799999,26.15,26.27,729500,26.27
2007-01-10,26.50,26.610001,26.139999,26.309999,508600,26.309999
2007-01-09,26.469999,26.799999,26.23,26.700001,670800,26.700001
2007-01-08,26.09,26.549999,25.52,26.41,683400,26.41
2007-01-05,26.01,26.09,25.57,25.969999,769300,25.969999
2007-01-04,25.129999,26.40,24.799999,26.190001,1065200,26.190001
2007-01-03,24.00,25.50,24.00,25.27,1352700,25.27
2006-12-29,23.73,24.129999,23.66,24.00,312900,24.00
2006-12-28,23.77,24.139999,23.639999,23.690001,205200,23.690001
2006-12-27,23.93,24.00,23.440001,23.950001,271500,23.950001
2006-12-26,23.76,23.959999,23.26,23.68,525000,23.68
2006-12-22,23.959999,24.10,23.690001,23.809999,219800,23.809999
2006-12-21,24.280001,24.51,23.790001,23.889999,254500,23.889999
2006-12-20,24.309999,24.75,24.18,24.299999,179500,24.299999
2006-12-19,24.200001,24.559999,24.049999,24.33,251300,24.33
2006-12-18,24.99,25.389999,24.190001,24.290001,401700,24.290001
2006-12-15,24.91,25.040001,24.82,24.98,434200,24.98
2006-12-14,24.67,25.10,24.67,24.860001,321200,24.860001
2006-12-13,24.90,25.07,24.50,24.73,340100,24.73
2006-12-12,25.139999,25.23,24.629999,24.809999,262700,24.809999
2006-12-11,25.120001,25.440001,25.040001,25.129999,270900,25.129999
2006-12-08,24.719999,25.42,24.50,24.98,720600,24.98
2006-12-07,24.93,25.030001,24.620001,24.700001,386300,24.700001
2006-12-06,25.120001,25.280001,24.84,24.959999,394400,24.959999
2006-12-05,24.90,25.10,24.42,24.889999,501100,24.889999
2006-12-04,24.17,24.75,23.879999,24.719999,907800,24.719999
2006-12-01,24.450001,24.57,23.700001,24.040001,507400,24.040001
2006-11-30,24.639999,24.780001,24.27,24.469999,318900,24.469999
2006-11-29,24.50,24.66,24.16,24.620001,292800,24.620001
2006-11-28,24.41,24.49,24.00,24.459999,499200,24.459999
2006-11-27,25.389999,25.389999,24.379999,24.42,660500,24.42
2006-11-24,25.309999,25.610001,25.200001,25.200001,179000,25.200001
2006-11-22,25.290001,25.68,25.23,25.559999,421000,25.559999
2006-11-21,25.00,25.50,24.860001,25.290001,647800,25.290001
2006-11-20,24.98,25.040001,24.809999,25.01,380000,25.01
2006-11-17,25.049999,25.290001,24.780001,25.00,555400,25.00
2006-11-16,24.459999,25.200001,24.23,25.049999,889100,25.049999
2006-11-15,24.67,24.92,24.290001,24.42,460100,24.42
2006-11-14,24.32,24.68,24.10,24.60,501600,24.60
2006-11-13,23.65,24.48,23.57,24.290001,701700,24.290001
2006-11-10,23.67,23.809999,23.35,23.68,316200,23.68
2006-11-09,23.809999,24.049999,23.50,23.58,526200,23.58
2006-11-08,23.40,23.889999,23.07,23.57,608600,23.57
2006-11-07,22.99,23.690001,22.82,23.48,726800,23.48
2006-11-06,23.00,23.10,22.719999,23.049999,350100,23.049999
2006-11-03,23.049999,23.129999,22.74,22.92,618800,22.92
2006-11-02,22.34,22.719999,22.24,22.459999,693800,22.459999
2006-11-01,22.809999,22.959999,22.34,22.389999,820500,22.389999
2006-10-31,23.43,23.59,22.809999,22.84,488900,22.84
2006-10-30,23.49,23.49,22.610001,23.25,805500,23.25
2006-10-27,23.27,24.00,22.50,23.50,3278800,23.50
2006-10-26,21.49,22.639999,20.799999,22.540001,1735600,22.540001
2006-10-25,20.719999,21.26,20.639999,21.200001,1029900,21.200001
2006-10-24,20.65,20.82,20.42,20.639999,733800,20.639999
2006-10-23,21.200001,21.440001,20.459999,20.709999,693900,20.709999
2006-10-20,21.50,21.51,21.139999,21.219999,287900,21.219999
2006-10-19,21.389999,21.610001,21.16,21.34,350700,21.34
2006-10-18,21.719999,21.870001,21.139999,21.379999,534300,21.379999
2006-10-17,21.860001,22.030001,21.49,21.719999,278900,21.719999
2006-10-16,21.75,22.07,21.75,21.950001,464500,21.950001
2006-10-13,21.83,22.07,21.60,21.799999,452800,21.799999
2006-10-12,22.049999,22.15,21.48,21.879999,793500,21.879999
2006-10-11,22.65,22.690001,21.84,21.99,684100,21.99
2006-10-10,22.35,22.73,22.129999,22.690001,388000,22.690001
2006-10-09,22.16,22.60,22.040001,22.24,196700,22.24
2006-10-06,22.25,22.40,22.059999,22.309999,183500,22.309999
2006-10-05,21.84,22.370001,21.74,22.23,443300,22.23
2006-10-04,21.68,21.93,21.290001,21.879999,527400,21.879999
2006-10-03,21.73,22.049999,21.700001,21.790001,280500,21.790001
2006-10-02,22.02,22.24,21.82,21.85,289600,21.85
2006-09-29,21.92,22.280001,21.879999,22.02,247000,22.02
2006-09-28,22.18,22.25,21.90,21.99,351800,21.99
2006-09-27,22.110001,22.389999,21.889999,22.120001,352700,22.120001
2006-09-26,22.25,22.469999,22.07,22.27,294100,22.27
2006-09-25,21.68,22.389999,21.60,22.34,439200,22.34
2006-09-22,21.76,21.950001,21.51,21.700001,287700,21.700001
2006-09-21,22.219999,22.219999,21.75,21.879999,500800,21.879999
2006-09-20,22.07,22.469999,21.809999,22.23,557500,22.23
2006-09-19,22.290001,22.290001,21.360001,21.83,1001500,21.83
2006-09-18,22.51,22.75,21.91,22.15,905300,22.15
2006-09-15,22.690001,22.73,22.290001,22.52,756000,22.52
2006-09-14,22.940001,22.940001,22.549999,22.57,448300,22.57
2006-09-13,23.00,23.040001,22.65,22.99,425700,22.99
2006-09-12,23.17,23.309999,22.860001,23.00,623200,23.00
2006-09-11,23.10,23.50,22.59,23.23,670300,23.23
2006-09-08,22.52,23.34,22.52,23.190001,1358500,23.190001
2006-09-07,21.33,22.65,21.32,22.48,1055600,22.48
2006-09-06,21.790001,21.940001,21.440001,21.450001,293700,21.450001
2006-09-05,21.98,22.049999,21.65,21.879999,342600,21.879999
2006-09-01,21.90,22.00,21.690001,21.85,183200,21.85
2006-08-31,22.110001,22.23,21.75,21.809999,411700,21.809999
2006-08-30,21.879999,22.18,21.75,21.969999,285700,21.969999
2006-08-29,21.700001,21.85,21.43,21.780001,331400,21.780001
2006-08-28,21.629999,21.799999,21.540001,21.68,312400,21.68
2006-08-25,21.49,21.950001,21.41,21.75,168500,21.75
2006-08-24,21.75,21.870001,21.299999,21.59,206000,21.59
2006-08-23,22.059999,22.35,21.40,21.67,344700,21.67
2006-08-22,21.959999,22.42,21.959999,22.110001,200400,22.110001
2006-08-21,22.50,22.540001,21.91,22.040001,290000,22.040001
2006-08-18,22.360001,22.559999,22.049999,22.530001,387600,22.530001
2006-08-17,22.00,22.77,21.74,22.299999,514000,22.299999
2006-08-16,21.549999,22.50,21.280001,22.08,828600,22.08
2006-08-15,20.309999,21.49,20.309999,21.35,506100,21.35
2006-08-14,20.52,20.889999,20.23,20.360001,415700,20.360001
2006-08-11,20.48,20.82,20.209999,20.32,267000,20.32
2006-08-10,20.76,20.98,20.450001,20.559999,510900,20.559999
2006-08-09,21.309999,21.35,20.780001,20.84,286100,20.84
2006-08-08,21.290001,21.360001,20.799999,21.01,326800,21.01
2006-08-07,21.48,21.790001,21.08,21.190001,371100,21.190001
2006-08-04,21.50,21.889999,21.129999,21.60,717100,21.60
2006-08-03,21.08,21.50,20.75,21.27,495400,21.27
2006-08-02,20.870001,20.950001,20.50,20.709999,487000,20.709999
2006-08-01,20.969999,21.049999,20.690001,20.75,791000,20.75
2006-07-31,21.629999,21.799999,20.99,21.10,1028700,21.10
2006-07-28,20.26,22.10,20.25,21.74,1973000,21.74
2006-07-27,22.799999,22.809999,21.68,22.059999,1435300,22.059999
2006-07-26,22.889999,23.16,22.190001,22.709999,1160100,22.709999
2006-07-25,21.879999,22.15,21.379999,22.110001,690600,22.110001
2006-07-24,21.809999,22.18,21.59,22.059999,616200,22.059999
2006-07-21,21.969999,21.969999,21.370001,21.65,922300,21.65
2006-07-20,22.98,22.98,21.99,22.00,586600,22.00
2006-07-19,22.27,23.00,22.200001,22.870001,765000,22.870001
2006-07-18,22.34,22.65,22.02,22.32,679600,22.32
2006-07-17,22.50,22.559999,21.940001,22.15,528700,22.15
2006-07-14,22.950001,23.01,22.15,22.42,600400,22.42
2006-07-13,23.68,23.82,22.690001,22.870001,1090800,22.870001
2006-07-12,24.049999,24.629999,23.530001,23.870001,1276500,23.870001
2006-07-11,23.34,23.459999,22.42,23.299999,923200,23.299999
2006-07-10,23.84,23.969999,23.309999,23.459999,755400,23.459999
2006-07-07,24.950001,24.950001,23.18,23.620001,2521800,23.620001
2006-07-06,25.969999,26.00,25.620001,25.879999,679800,25.879999
2006-07-05,26.17,26.290001,25.10,25.809999,671900,25.809999
2006-07-03,25.709999,26.540001,25.68,26.42,234100,26.42
2006-06-30,25.60,25.98,25.209999,25.790001,484500,25.790001
2006-06-29,25.00,25.68,24.90,25.52,761300,25.52
2006-06-28,24.92,25.07,24.389999,24.90,548300,24.90
2006-06-27,26.00,26.139999,24.82,24.85,715400,24.85
2006-06-26,26.200001,26.25,25.75,25.93,332700,25.93
2006-06-23,25.379999,26.24,25.309999,26.059999,369200,26.059999
2006-06-22,25.67,26.00,25.299999,25.50,300800,25.50
2006-06-21,24.74,25.959999,24.74,25.66,620900,25.66
2006-06-20,24.99,25.190001,24.41,24.85,487700,24.85
2006-06-19,24.51,25.299999,24.299999,24.940001,625000,24.940001
2006-06-16,24.450001,24.959999,24.25,24.49,848900,24.49
2006-06-15,23.77,24.559999,23.709999,24.43,710100,24.43
2006-06-14,23.219999,23.83,23.190001,23.49,851900,23.49
2006-06-13,24.110001,24.200001,23.030001,23.299999,1048400,23.299999
2006-06-12,25.00,25.00,24.120001,24.16,503400,24.16
2006-06-09,25.49,25.49,24.75,25.059999,789100,25.059999
2006-06-08,25.209999,25.530001,24.370001,25.190001,923600,25.190001
2006-06-07,25.469999,25.98,25.040001,25.42,822300,25.42
2006-06-06,25.07,25.629999,24.98,25.469999,905900,25.469999
2006-06-05,25.40,25.940001,24.799999,24.90,557300,24.90
2006-06-02,25.99,26.91,25.17,25.629999,1177000,25.629999
2006-06-01,24.91,25.450001,24.889999,25.42,500100,25.42
2006-05-31,24.85,25.08,24.52,24.93,522000,24.93
2006-05-30,26.00,26.040001,24.65,24.68,786600,24.68
2006-05-26,25.50,26.139999,25.299999,26.07,587400,26.07
2006-05-25,25.75,25.959999,25.35,25.860001,632000,25.860001
2006-05-24,25.120001,25.65,24.559999,25.43,832500,25.43
2006-05-23,25.540001,25.950001,25.040001,25.07,535600,25.07
2006-05-22,26.66,26.66,24.34,25.15,1531300,25.15
2006-05-19,26.15,27.50,25.799999,27.07,1031800,27.07
2006-05-18,25.90,26.48,25.700001,25.959999,800400,25.959999
2006-05-17,26.18,26.35,25.40,25.57,554800,25.57
2006-05-16,26.299999,26.629999,25.82,26.459999,808000,26.459999
2006-05-15,25.82,26.309999,24.860001,25.48,842800,25.48
2006-05-12,26.84,26.84,25.85,26.030001,667700,26.030001
2006-05-11,28.309999,28.309999,26.77,26.790001,783100,26.790001
2006-05-10,28.83,29.43,27.959999,28.309999,1102200,28.309999
2006-05-09,28.40,28.75,28.200001,28.60,554800,28.60
2006-05-08,28.450001,28.75,28.24,28.370001,547000,28.370001
2006-05-05,28.07,28.65,27.98,28.32,545800,28.32
2006-05-04,27.66,28.219999,27.459999,27.940001,489700,27.940001
2006-05-03,27.940001,27.99,27.280001,27.60,372400,27.60
2006-05-02,27.959999,27.969999,27.549999,27.75,370800,27.75
2006-05-01,27.870001,28.15,27.26,27.74,553900,27.74
2006-04-28,26.610001,27.85,26.610001,27.75,1180200,27.75
2006-04-27,27.700001,28.17,26.50,26.620001,3211900,26.620001
2006-04-26,26.50,26.700001,25.200001,25.360001,1437000,25.360001
2006-04-25,26.450001,27.219999,26.299999,26.620001,929500,26.620001
2006-04-24,26.49,26.49,25.870001,26.40,389300,26.40
2006-04-21,26.43,26.950001,26.18,26.41,415300,26.41
2006-04-20,26.59,26.85,26.27,26.459999,399000,26.459999
2006-04-19,26.51,26.77,26.17,26.41,341900,26.41
2006-04-18,26.00,26.530001,25.629999,26.50,516200,26.50
2006-04-17,26.01,26.48,25.60,25.870001,411100,25.870001
2006-04-13,25.40,26.17,25.120001,25.73,436300,25.73
2006-04-12,25.60,25.60,24.969999,25.33,527700,25.33
2006-04-11,25.75,25.99,25.50,25.67,545800,25.67
2006-04-10,25.76,26.08,25.50,25.690001,317200,25.690001
2006-04-07,26.32,26.379999,25.60,25.77,364300,25.77
2006-04-06,25.950001,26.389999,25.799999,26.33,513900,26.33
2006-04-05,26.16,26.40,25.52,26.00,756300,26.00
2006-04-04,26.559999,26.559999,25.719999,26.059999,811000,26.059999
2006-04-03,26.690001,27.42,26.18,26.43,899000,26.43
2006-03-31,26.389999,26.76,26.23,26.690001,543900,26.690001
2006-03-30,26.40,26.780001,26.15,26.620001,860200,26.620001
2006-03-29,24.709999,26.360001,24.709999,26.34,1102600,26.34
2006-03-28,25.00,25.25,24.65,24.860001,586500,24.860001
2006-03-27,24.450001,25.059999,24.40,25.01,706400,25.01
2006-03-24,24.290001,24.639999,24.09,24.360001,601400,24.360001
2006-03-23,23.93,24.32,23.68,24.280001,625700,24.280001
2006-03-22,23.48,23.889999,23.200001,23.82,516400,23.82
2006-03-21,23.629999,23.950001,23.40,23.629999,681500,23.629999
2006-03-20,23.00,24.200001,22.98,23.93,1323700,23.93
2006-03-17,22.48,22.959999,22.41,22.889999,906200,22.889999
2006-03-16,22.860001,23.07,22.35,22.48,681400,22.48
2006-03-15,22.75,22.92,22.17,22.84,712200,22.84
2006-03-14,22.35,22.76,22.16,22.700001,642200,22.700001
2006-03-13,22.23,22.66,22.120001,22.280001,1290200,22.280001
2006-03-10,20.860001,21.870001,20.76,21.799999,1209400,21.799999
2006-03-09,21.07,21.389999,20.860001,20.940001,567600,20.940001
2006-03-08,20.940001,21.07,20.540001,20.950001,678800,20.950001
2006-03-07,21.280001,21.33,20.780001,21.030001,589800,21.030001
2006-03-06,21.639999,21.68,21.01,21.309999,1108800,21.309999
2006-03-03,21.75,21.799999,21.469999,21.629999,573600,21.629999
2006-03-02,22.02,22.02,21.700001,21.83,591000,21.83
2006-03-01,21.24,22.16,21.24,22.07,1332700,22.07
2006-02-28,22.73,22.889999,21.02,21.030001,1608000,21.030001
2006-02-27,22.90,22.940001,22.57,22.879999,548500,22.879999
2006-02-24,22.620001,22.91,22.559999,22.780001,622400,22.780001
2006-02-23,22.200001,22.59,21.950001,22.50,660800,22.50
2006-02-22,22.60,22.68,22.049999,22.33,555800,22.33
2006-02-21,22.379999,22.48,21.959999,22.16,525800,22.16
2006-02-17,22.09,22.549999,21.809999,22.32,590900,22.32
2006-02-16,22.049999,22.360001,22.01,22.219999,507500,22.219999
2006-02-15,21.90,22.50,21.75,22.040001,792200,22.040001
2006-02-14,21.549999,21.809999,21.35,21.59,641700,21.59
2006-02-13,21.85,21.870001,21.35,21.40,735000,21.40
2006-02-10,22.08,22.15,21.530001,21.84,828300,21.84
2006-02-09,22.639999,22.799999,22.00,22.139999,719600,22.139999
2006-02-08,22.879999,23.01,21.83,22.49,1407600,22.49
2006-02-07,21.709999,23.549999,21.51,22.67,7784700,22.67
2006-02-06,19.629999,19.85,19.209999,19.299999,1428700,19.299999
2006-02-03,19.91,20.120001,19.17,19.65,998300,19.65
2006-02-02,20.10,20.49,19.92,19.99,652300,19.99
2006-02-01,20.23,20.23,19.85,19.99,692000,19.99
2006-01-31,20.219999,20.530001,20.08,20.370001,458800,20.370001
2006-01-30,20.209999,20.540001,20.00,20.299999,329800,20.299999
2006-01-27,20.74,20.940001,20.02,20.18,527000,20.18
2006-01-26,20.280001,20.75,20.059999,20.51,533100,20.51
2006-01-25,20.32,20.549999,19.950001,20.16,670100,20.16
2006-01-24,19.91,20.629999,19.780001,20.200001,1036400,20.200001
2006-01-23,20.52,20.549999,19.77,20.16,1893100,20.16
2006-01-20,22.040001,22.049999,20.77,20.98,1047500,20.98
2006-01-19,22.00,22.219999,21.889999,21.950001,947100,21.950001
2006-01-18,21.450001,22.33,21.41,21.780001,1147800,21.780001
2006-01-17,21.24,22.139999,21.200001,21.99,1090300,21.99
2006-01-13,21.50,21.66,21.209999,21.42,597200,21.42
2006-01-12,21.82,21.84,21.23,21.469999,1099900,21.469999
2006-01-11,21.700001,21.950001,21.370001,21.76,1536300,21.76
2006-01-10,20.280001,21.559999,20.25,21.49,2133300,21.49
2006-01-09,19.93,20.59,19.93,20.33,1498900,20.33
2006-01-06,20.00,20.389999,19.82,19.940001,1149100,19.940001
2006-01-05,20.440001,20.68,19.68,19.77,1293900,19.77
2006-01-04,19.25,20.719999,19.200001,20.469999,2111000,20.469999
2006-01-03,18.40,19.02,18.200001,19.01,754800,19.01
2005-12-30,18.60,18.73,18.34,18.34,349700,18.34
2005-12-29,18.799999,19.02,18.620001,18.629999,465300,18.629999
2005-12-28,18.709999,19.040001,18.59,18.709999,561700,18.709999
2005-12-27,18.780001,18.90,18.440001,18.60,668500,18.60
2005-12-23,18.90,18.90,18.700001,18.77,225700,18.77
2005-12-22,18.860001,19.25,18.65,18.879999,394700,18.879999
2005-12-21,18.950001,19.16,18.40,18.92,677500,18.92
2005-12-20,19.139999,19.139999,18.700001,18.82,744500,18.82
2005-12-19,19.93,20.110001,18.92,19.059999,888400,19.059999
2005-12-16,19.629999,19.90,19.459999,19.73,509900,19.73
2005-12-15,19.90,20.049999,19.469999,19.58,612400,19.58
2005-12-14,20.35,20.40,19.700001,19.90,781400,19.90
2005-12-13,20.629999,20.629999,20.35,20.42,587300,20.42
2005-12-12,20.209999,20.77,20.209999,20.51,657300,20.51
2005-12-09,20.360001,20.50,20.07,20.219999,498200,20.219999
2005-12-08,20.23,20.469999,20.02,20.290001,729600,20.290001
2005-12-07,20.299999,20.43,20.01,20.120001,500600,20.120001
2005-12-06,19.98,20.65,19.940001,20.290001,979800,20.290001
2005-12-05,20.24,20.280001,19.809999,19.879999,805800,19.879999
2005-12-02,20.27,20.299999,19.83,20.190001,1148400,20.190001
2005-12-01,19.049999,19.77,19.00,19.639999,779400,19.639999
2005-11-30,19.120001,19.17,18.700001,19.00,646200,19.00
2005-11-29,18.99,19.299999,18.690001,19.17,1391700,19.17
2005-11-28,18.75,19.25,18.540001,18.83,1006800,18.83
2005-11-25,18.719999,19.01,18.700001,18.74,189400,18.74
2005-11-23,19.00,19.299999,18.75,18.84,691900,18.84
2005-11-22,18.98,19.08,18.610001,18.860001,810500,18.860001
2005-11-21,18.16,19.09,18.10,18.889999,1617100,18.889999
2005-11-18,17.92,18.23,17.74,18.129999,1312000,18.129999
2005-11-17,17.799999,18.00,17.559999,17.76,831500,17.76
2005-11-16,17.65,17.790001,17.50,17.719999,605800,17.719999
2005-11-15,18.129999,18.139999,17.60,17.67,875700,17.67
2005-11-14,18.18,18.25,17.950001,18.059999,581300,18.059999
2005-11-11,18.18,18.35,18.00,18.219999,869900,18.219999
2005-11-10,18.129999,18.48,17.91,18.200001,1797400,18.200001
2005-11-09,17.65,18.75,17.360001,18.209999,6808400,18.209999
2005-11-08,16.25,16.40,16.08,16.309999,1564300,16.309999
2005-11-07,16.67,17.25,16.549999,16.67,2311700,16.67
2005-11-04,15.30,16.25,15.18,16.190001,1518900,16.190001
2005-11-03,15.28,15.64,15.16,15.23,1054700,15.23
2005-11-02,15.38,15.38,15.15,15.17,879000,15.17
2005-11-01,15.14,15.56,15.14,15.28,1532900,15.28
2005-10-31,15.31,15.38,15.12,15.14,1259200,15.14
2005-10-28,15.40,15.40,15.07,15.22,938100,15.22
2005-10-27,15.51,15.54,15.12,15.18,705400,15.18
2005-10-26,15.90,16.10,15.50,15.61,898200,15.61
2005-10-25,16.219999,16.290001,15.80,15.89,797800,15.89
2005-10-24,15.39,16.280001,15.39,16.209999,1749900,16.209999
2005-10-21,15.64,15.79,15.30,15.37,513200,15.37
2005-10-20,15.52,15.78,15.30,15.38,508500,15.38
2005-10-19,15.56,15.70,15.20,15.52,919000,15.52
2005-10-18,15.79,15.98,15.55,15.58,511400,15.58
2005-10-17,15.85,15.95,15.61,15.79,481900,15.79
2005-10-14,15.65,15.80,15.51,15.68,507900,15.68
2005-10-13,15.36,15.63,15.19,15.52,1009000,15.52
2005-10-12,15.78,15.83,15.13,15.36,1248300,15.36
2005-10-11,16.08,16.24,15.64,15.82,764700,15.82
2005-10-10,16.07,16.48,16.00,16.040001,864800,16.040001
2005-10-07,16.110001,16.450001,16.049999,16.07,474200,16.07
2005-10-06,16.41,16.530001,15.90,16.120001,935400,16.120001
2005-10-05,16.700001,16.82,16.40,16.41,724100,16.41
2005-10-04,17.16,17.16,16.68,16.690001,1077000,16.690001
2005-10-03,17.10,17.25,17.00,17.00,514700,17.00
2005-09-30,17.059999,17.190001,16.98,17.129999,447200,17.129999
2005-09-29,17.00,17.15,16.76,17.02,660000,17.02
2005-09-28,17.01,17.25,16.799999,16.879999,514900,16.879999
2005-09-27,17.280001,17.700001,16.93,17.10,1200600,17.10
2005-09-26,17.059999,17.35,16.93,17.35,1457200,17.35
2005-09-23,16.790001,16.940001,16.700001,16.84,789100,16.84
2005-09-22,16.639999,16.98,16.50,16.709999,777200,16.709999
2005-09-21,16.77,16.809999,16.360001,16.58,1554500,16.58
2005-09-20,16.799999,17.15,16.559999,16.629999,1629500,16.629999
2005-09-19,17.50,17.58,16.780001,16.780001,1677700,16.780001
2005-09-16,17.620001,17.75,17.35,17.41,1010200,17.41
2005-09-15,17.74,17.90,17.469999,17.530001,747100,17.530001
2005-09-14,18.129999,18.43,17.66,17.74,1574500,17.74
2005-09-13,18.48,18.809999,18.049999,18.50,2583400,18.50
2005-09-12,17.51,18.49,17.51,18.49,3172100,18.49
2005-09-09,17.43,17.51,17.15,17.33,1106200,17.33
2005-09-08,17.73,17.799999,17.26,17.42,847200,17.42
2005-09-07,17.200001,17.879999,17.02,17.690001,2981400,17.690001
2005-09-06,17.290001,17.450001,17.129999,17.24,783000,17.24
2005-09-02,17.40,17.49,17.129999,17.190001,617200,17.190001
2005-09-01,17.40,17.540001,17.33,17.41,1216800,17.41
2005-08-31,17.559999,17.700001,17.32,17.48,1089500,17.48
2005-08-30,17.639999,17.68,17.40,17.52,711000,17.52
2005-08-29,17.690001,17.76,17.450001,17.639999,1048200,17.639999
2005-08-26,18.01,18.01,17.610001,17.780001,1574700,17.780001
2005-08-25,18.34,18.34,17.83,18.07,1502600,18.07
2005-08-24,18.41,18.48,18.25,18.34,727100,18.34
2005-08-23,19.00,19.00,18.370001,18.40,1053000,18.40
2005-08-22,19.17,19.35,18.82,19.01,720900,19.01
2005-08-19,19.059999,19.219999,18.799999,19.040001,1038300,19.040001
2005-08-18,19.90,20.10,19.299999,19.379999,1769100,19.379999
2005-08-17,19.73,19.91,19.139999,19.43,1124800,19.43
2005-08-16,19.110001,20.280001,18.99,19.66,3263700,19.66
2005-08-15,19.01,19.299999,18.76,19.02,1273000,19.02
2005-08-12,17.68,19.23,17.51,19.030001,4344700,19.030001
2005-08-11,17.620001,17.90,17.370001,17.48,1963200,17.48
2005-08-10,17.92,18.120001,17.450001,17.52,1042200,17.52
2005-08-09,18.459999,18.51,17.59,17.75,2059700,17.75
2005-08-08,19.43,19.66,18.370001,18.40,2952300,18.40
2005-08-05,18.10,19.74,18.10,19.24,7088600,19.24
2005-08-04,19.24,19.24,18.00,18.15,2215200,18.15
2005-08-03,19.48,19.68,19.10,19.18,2071300,19.18
2005-08-02,18.360001,19.049999,18.26,18.940001,1306400,18.940001
2005-08-01,18.32,18.540001,18.200001,18.360001,666800,18.360001
2005-07-29,18.75,18.90,18.129999,18.18,1072000,18.18
2005-07-28,19.60,19.700001,18.18,18.299999,4624200,18.299999
2005-07-27,20.67,21.209999,20.299999,21.110001,1302000,21.110001
2005-07-26,20.860001,20.950001,20.60,20.67,437800,20.67
2005-07-25,21.129999,21.190001,20.85,20.91,506400,20.91
2005-07-22,21.32,21.57,20.780001,21.200001,741800,21.200001
2005-07-21,20.75,22.00,20.530001,21.370001,1735200,21.370001
2005-07-20,21.33,21.389999,20.280001,20.73,3297400,20.73
2005-07-19,22.700001,22.82,22.51,22.57,1146300,22.57
2005-07-18,23.190001,23.389999,22.799999,22.959999,1152100,22.959999
2005-07-15,23.16,23.74,23.16,23.459999,565000,23.459999
2005-07-14,23.190001,23.450001,22.93,23.33,865700,23.33
2005-07-13,23.18,23.280001,22.879999,23.18,759700,23.18
2005-07-12,23.110001,23.450001,23.049999,23.219999,488100,23.219999
2005-07-11,23.00,23.50,22.950001,23.139999,982200,23.139999
2005-07-08,22.559999,23.18,22.450001,22.950001,973900,22.950001
2005-07-07,21.74,22.74,21.40,22.559999,733800,22.559999
2005-07-06,22.450001,22.93,22.049999,22.110001,596800,22.110001
2005-07-05,21.790001,22.540001,21.700001,22.440001,499800,22.440001
2005-07-01,22.16,22.280001,21.790001,21.870001,300300,21.870001
2005-06-30,22.219999,22.370001,21.92,21.940001,769100,21.940001
2005-06-29,22.24,22.41,22.00,22.08,690500,22.08
2005-06-28,21.15,22.299999,21.15,22.24,1170800,22.24
2005-06-27,21.700001,21.950001,20.90,21.00,1318400,21.00
2005-06-24,22.74,22.75,22.129999,22.15,833500,22.15
2005-06-23,23.00,23.35,22.75,22.77,1217000,22.77
2005-06-22,22.90,23.10,22.65,23.01,1371000,23.01
2005-06-21,22.200001,23.27,22.200001,22.92,1230400,22.92
2005-06-20,22.190001,22.469999,22.00,22.299999,772600,22.299999
2005-06-17,21.92,22.43,21.790001,22.33,1629100,22.33
2005-06-16,21.459999,22.040001,21.25,21.690001,904800,21.690001
2005-06-15,21.200001,21.459999,20.82,21.34,508600,21.34
2005-06-14,21.26,21.43,21.08,21.23,563900,21.23
2005-06-13,20.41,21.629999,20.200001,21.25,1348200,21.25
2005-06-10,20.459999,20.83,20.15,20.40,434500,20.40
2005-06-09,20.35,20.66,20.23,20.66,880500,20.66
2005-06-08,20.99,21.02,20.17,20.379999,846400,20.379999
2005-06-07,21.00,21.299999,20.77,20.809999,1705100,20.809999
2005-06-06,20.940001,21.10,20.389999,20.870001,1912200,20.870001
2005-06-03,20.18,20.83,19.940001,20.60,1686800,20.60
2005-06-02,19.110001,20.219999,19.110001,20.08,2593500,20.08
2005-06-01,18.74,19.15,18.52,19.129999,2207200,19.129999
2005-05-31,18.610001,18.84,18.389999,18.719999,999100,18.719999
2005-05-27,18.35,18.73,18.290001,18.540001,1021600,18.540001
2005-05-26,17.860001,18.33,17.82,18.280001,1464800,18.280001
2005-05-25,17.889999,17.889999,17.360001,17.76,781000,17.76
2005-05-24,17.379999,17.799999,17.299999,17.66,454800,17.66
2005-05-23,17.530001,17.85,17.299999,17.43,1103300,17.43
2005-05-20,17.51,17.52,17.10,17.51,730600,17.51
2005-05-19,17.73,18.07,17.42,17.50,1388200,17.50
2005-05-18,16.74,17.73,16.65,17.540001,1462000,17.540001
2005-05-17,16.92,16.92,16.60,16.90,716100,16.90
2005-05-16,16.57,17.049999,16.469999,16.950001,664900,16.950001
2005-05-13,16.51,16.809999,16.379999,16.65,853900,16.65
2005-05-12,16.719999,16.879999,16.48,16.59,812100,16.59
2005-05-11,16.799999,16.969999,16.629999,16.809999,848700,16.809999
2005-05-10,17.08,17.15,16.83,16.889999,381400,16.889999
2005-05-09,17.10,17.15,16.879999,17.07,586600,17.07
2005-05-06,16.969999,17.190001,16.969999,17.09,323000,17.09
2005-05-05,16.959999,17.23,16.93,17.120001,500500,17.120001
2005-05-04,16.99,17.15,16.85,17.08,952300,17.08
2005-05-03,17.059999,17.639999,16.83,16.879999,991600,16.879999
2005-05-02,17.059999,17.389999,16.73,17.139999,542500,17.139999
2005-04-29,17.25,17.40,17.01,17.15,727800,17.15
2005-04-28,17.50,18.09,17.07,17.200001,2198800,17.200001
2005-04-27,16.950001,17.379999,16.42,17.309999,1413400,17.309999
2005-04-26,17.23,17.23,16.870001,16.92,465400,16.92
2005-04-25,16.99,17.18,16.889999,17.08,542000,17.08
2005-04-22,17.34,17.34,16.860001,17.049999,634900,17.049999
2005-04-21,16.799999,17.35,16.780001,17.299999,541600,17.299999
2005-04-20,17.040001,17.040001,16.65,16.780001,1281500,16.780001
2005-04-19,16.24,16.879999,16.18,16.799999,1322700,16.799999
2005-04-18,16.129999,16.700001,16.08,16.33,738100,16.33
2005-04-15,16.52,16.950001,16.10,16.16,891200,16.16
2005-04-14,17.33,17.49,16.50,16.66,1302000,16.66
2005-04-13,17.459999,17.59,17.389999,17.469999,556700,17.469999
2005-04-12,17.440001,17.59,17.200001,17.50,545200,17.50
2005-04-11,17.42,17.65,17.26,17.40,543500,17.40
2005-04-08,17.68,17.780001,17.469999,17.59,392300,17.59
2005-04-07,17.780001,17.799999,17.58,17.719999,486900,17.719999
2005-04-06,17.74,17.799999,17.639999,17.719999,569700,17.719999
2005-04-05,17.799999,17.969999,17.549999,17.67,391400,17.67
2005-04-04,17.77,17.809999,17.200001,17.66,618000,17.66
2005-04-01,17.60,17.879999,17.360001,17.73,1546400,17.73
2005-03-31,17.799999,17.799999,17.48,17.58,643100,17.58
2005-03-30,17.42,17.870001,17.41,17.700001,637900,17.700001
2005-03-29,17.809999,17.93,17.370001,17.40,783900,17.40
2005-03-28,17.84,18.370001,17.700001,17.82,1036800,17.82
2005-03-24,17.98,18.15,17.83,17.84,408800,17.84
2005-03-23,17.629999,18.139999,17.629999,17.889999,561500,17.889999
2005-03-22,17.67,18.09,17.60,17.75,733300,17.75
2005-03-21,17.950001,18.110001,17.66,17.860001,607900,17.860001
2005-03-18,18.18,18.24,17.719999,17.77,874000,17.77
2005-03-17,18.27,18.379999,17.92,18.08,904700,18.08
2005-03-16,17.65,18.780001,17.58,18.32,1945100,18.32
2005-03-15,18.40,18.780001,18.17,18.190001,811300,18.190001
2005-03-14,18.459999,18.52,17.91,18.35,760800,18.35
2005-03-11,18.67,18.77,18.389999,18.459999,720600,18.459999
2005-03-10,18.379999,18.700001,18.02,18.58,1064800,18.58
2005-03-09,19.33,19.43,18.32,18.370001,1684300,18.370001
2005-03-08,19.459999,19.90,19.26,19.43,1272400,19.43
2005-03-07,19.02,19.67,18.889999,19.469999,1745400,19.469999
2005-03-04,19.00,19.190001,18.65,19.120001,1453200,19.120001
2005-03-03,18.41,19.309999,18.27,18.940001,2942100,18.940001
2005-03-02,18.68,18.889999,18.10,18.280001,1703000,18.280001
2005-03-01,17.870001,19.23,17.860001,18.799999,3574000,18.799999
2005-02-28,16.75,18.299999,16.75,17.92,3652000,17.92
2005-02-25,16.459999,16.889999,16.459999,16.83,874700,16.83
2005-02-24,16.40,16.73,16.18,16.58,928800,16.58
2005-02-23,17.209999,17.42,16.26,16.459999,1600500,16.459999
2005-02-22,17.299999,17.700001,16.940001,17.280001,4317400,17.280001
2005-02-18,15.92,16.65,15.81,16.459999,1702900,16.459999
2005-02-17,15.60,15.87,15.53,15.70,862200,15.70
2005-02-16,15.57,15.85,15.41,15.58,907200,15.58
2005-02-15,15.78,15.95,15.59,15.60,930000,15.60
2005-02-14,15.26,15.82,15.26,15.71,675000,15.71
2005-02-11,15.03,15.60,15.00,15.39,1016000,15.39
2005-02-10,15.41,15.69,15.17,15.25,1174000,15.25
2005-02-09,15.71,15.93,15.21,15.32,1417800,15.32
2005-02-08,15.07,16.200001,15.06,15.71,4734500,15.71
2005-02-07,15.27,15.76,14.76,15.26,5261100,15.26
2005-02-04,16.66,17.23,16.60,17.219999,2020100,17.219999
2005-02-03,16.67,16.879999,16.40,16.48,1188500,16.48
2005-02-02,16.50,16.790001,16.35,16.629999,1156800,16.629999
2005-02-01,16.219999,16.389999,15.94,16.35,2109600,16.35
2005-01-31,15.68,16.00,15.53,15.69,971100,15.69
2005-01-28,15.90,16.049999,14.90,15.62,1827800,15.62
2005-01-27,15.63,16.120001,15.61,15.77,1159400,15.77
2005-01-26,15.45,15.85,15.35,15.80,1070100,15.80
2005-01-25,14.96,15.55,14.90,15.25,1253100,15.25
2005-01-24,15.41,15.71,14.66,14.74,1791300,14.74
2005-01-21,15.76,15.88,15.11,15.31,1635700,15.31
2005-01-20,15.56,16.67,15.52,15.62,2719700,15.62
2005-01-19,16.02,16.120001,15.43,15.43,619800,15.43
2005-01-18,15.83,16.08,15.70,15.96,1623900,15.96
2005-01-14,15.82,16.02,15.70,15.91,620700,15.91
2005-01-13,15.96,16.17,15.58,15.70,744100,15.70
2005-01-12,15.55,16.10,15.40,16.049999,1177100,16.049999
2005-01-11,15.90,16.030001,15.48,15.54,958200,15.54
2005-01-10,16.059999,16.290001,15.85,15.93,796000,15.93
2005-01-07,16.42,16.49,16.059999,16.08,1105100,16.08
2005-01-06,16.68,16.90,16.25,16.290001,1189600,16.290001
2005-01-05,16.90,17.200001,16.60,16.67,1030000,16.67
2005-01-04,17.27,17.459999,16.85,16.959999,1463200,16.959999
2005-01-03,17.82,18.030001,17.299999,17.33,1088800,17.33
2004-12-31,18.049999,18.049999,17.700001,17.709999,606900,17.709999
2004-12-30,18.00,18.34,17.91,17.92,685100,17.92
2004-12-29,18.059999,18.389999,17.969999,18.049999,589200,18.049999
2004-12-28,17.90,18.200001,17.780001,18.09,732100,18.09
2004-12-27,17.799999,18.40,17.65,17.92,1410700,17.92
2004-12-23,17.85,17.950001,17.60,17.719999,775500,17.719999
2004-12-22,17.639999,17.889999,17.50,17.799999,1248200,17.799999
2004-12-21,17.35,17.690001,17.290001,17.60,1102200,17.60
2004-12-20,17.60,17.940001,17.25,17.309999,1241800,17.309999
2004-12-17,17.75,17.879999,17.469999,17.50,1014900,17.50
2004-12-16,18.290001,18.290001,17.559999,17.690001,825800,17.690001
2004-12-15,17.690001,18.58,17.60,18.23,2289400,18.23
2004-12-14,17.41,17.700001,17.309999,17.58,963700,17.58
2004-12-13,17.549999,17.59,17.10,17.32,1093400,17.32
2004-12-10,17.33,17.85,17.10,17.49,1350600,17.49
2004-12-09,17.299999,17.58,17.01,17.32,1199600,17.32
2004-12-08,17.450001,17.450001,17.030001,17.290001,708800,17.290001
2004-12-07,17.84,18.18,17.379999,17.42,928000,17.42
2004-12-06,18.10,18.200001,17.90,17.93,786900,17.93
2004-12-03,18.16,18.33,17.860001,18.209999,1195200,18.209999
2004-12-02,18.07,18.98,18.00,18.049999,3077900,18.049999
2004-12-01,17.02,18.09,17.02,18.07,2908500,18.07
2004-11-30,17.120001,17.25,16.90,16.950001,843800,16.950001
2004-11-29,16.92,17.25,16.84,17.139999,1075100,17.139999
2004-11-26,17.059999,17.129999,16.790001,16.83,517600,16.83
2004-11-24,17.02,17.049999,16.780001,16.969999,1123400,16.969999
2004-11-23,16.59,17.25,16.59,16.870001,927900,16.870001
2004-11-22,16.700001,16.799999,16.469999,16.700001,780500,16.700001
2004-11-19,17.10,17.25,16.75,16.75,929700,16.75
2004-11-18,17.07,17.450001,16.82,17.15,2627200,17.15
2004-11-17,17.75,17.950001,17.50,17.74,886200,17.74
2004-11-16,17.73,17.870001,17.620001,17.66,748800,17.66
2004-11-15,17.389999,18.27,17.32,17.950001,1748800,17.950001
2004-11-12,17.42,17.719999,17.10,17.43,1297500,17.43
2004-11-11,16.92,17.52,16.83,17.40,1951700,17.40
2004-11-10,16.83,16.98,16.719999,16.799999,657200,16.799999
2004-11-09,17.440001,17.450001,16.780001,16.85,1485600,16.85
2004-11-08,16.66,17.41,16.530001,17.01,1956200,17.01
2004-11-05,16.700001,16.75,16.24,16.49,1331500,16.49
2004-11-04,16.50,16.74,16.25,16.59,1430400,16.59
2004-11-03,17.09,17.16,16.57,16.610001,2791400,16.610001
2004-11-02,16.860001,17.08,16.559999,16.65,1334700,16.65
2004-11-01,16.469999,17.09,16.379999,16.809999,2008800,16.809999
2004-10-29,16.18,16.84,15.91,16.75,8090600,16.75
2004-10-28,20.309999,20.51,18.809999,19.379999,5656400,19.379999
2004-10-27,20.42,21.139999,20.00,20.65,7470100,20.65
2004-10-26,17.84,18.00,17.540001,18.00,1228100,18.00
2004-10-25,17.40,17.799999,17.299999,17.68,812700,17.68
2004-10-22,18.77,18.879999,17.389999,17.49,1327100,17.49
2004-10-21,17.540001,18.290001,17.459999,18.290001,1750600,18.290001
2004-10-20,17.440001,17.66,17.15,17.24,1591500,17.24
2004-10-19,18.01,18.33,17.66,17.67,993000,17.67
2004-10-18,17.51,17.959999,17.41,17.90,1097100,17.90
2004-10-15,17.58,17.90,17.299999,17.450001,943000,17.450001
2004-10-14,18.059999,18.17,17.530001,17.58,1236600,17.58
2004-10-13,18.530001,18.879999,17.860001,18.00,1748500,18.00
2004-10-12,17.700001,18.40,17.450001,17.93,1776300,17.93
2004-10-11,17.49,18.15,17.370001,17.93,1221000,17.93
2004-10-08,18.02,18.41,17.360001,17.459999,1268600,17.459999
2004-10-07,18.65,19.09,18.139999,18.190001,1834400,18.190001
2004-10-06,18.129999,18.860001,17.77,18.700001,1997200,18.700001
2004-10-05,18.00,18.42,17.84,18.23,1497800,18.23
2004-10-04,17.60,18.40,17.549999,18.00,2667400,18.00
2004-10-01,16.75,17.469999,16.40,17.34,1860900,17.34
2004-09-30,16.75,17.129999,16.51,16.629999,1364000,16.629999
2004-09-29,15.90,16.879999,15.80,16.780001,1677100,16.780001
2004-09-28,15.73,16.139999,15.62,15.88,1548800,15.88
2004-09-27,16.43,16.52,15.63,15.72,1384600,15.72
2004-09-24,16.83,17.00,16.41,16.549999,1200900,16.549999
2004-09-23,16.51,16.950001,16.50,16.83,1247900,16.83
2004-09-22,17.17,17.60,16.40,16.459999,2164800,16.459999
2004-09-21,17.309999,17.50,17.030001,17.35,1502200,17.35
2004-09-20,16.780001,17.700001,16.67,17.200001,2313700,17.200001
2004-09-17,16.940001,17.51,16.700001,16.90,2145400,16.90
2004-09-16,16.450001,17.68,16.40,16.83,3516300,16.83
2004-09-15,16.639999,17.139999,16.34,16.35,3076500,16.35
2004-09-14,15.25,17.040001,15.25,16.92,4590100,16.92
2004-09-13,15.35,15.57,15.17,15.22,1608100,15.22
2004-09-10,14.89,15.30,14.71,15.13,1283200,15.13
2004-09-09,14.60,14.88,14.25,14.87,1598300,14.87
2004-09-08,14.34,15.14,14.34,14.83,1527300,14.83
2004-09-07,14.59,14.75,14.38,14.54,971200,14.54
2004-09-03,14.69,14.69,14.28,14.28,743800,14.28
2004-09-02,14.62,14.75,14.38,14.65,1637200,14.65
2004-09-01,14.90,14.99,14.49,14.58,1363100,14.58
2004-08-31,15.27,15.35,14.63,14.86,1502800,14.86
2004-08-30,15.74,15.90,15.19,15.19,995500,15.19
2004-08-27,15.80,15.99,15.70,15.72,875100,15.72
2004-08-26,16.530001,16.68,15.71,15.79,1926100,15.79
2004-08-25,15.66,16.940001,15.60,16.82,3169900,16.82
2004-08-24,15.89,15.90,15.25,15.38,729800,15.38
2004-08-23,15.83,16.15,15.64,15.65,1139200,15.65
2004-08-20,15.67,15.90,15.35,15.83,922300,15.83
2004-08-19,15.90,16.280001,15.27,15.45,1949100,15.45
2004-08-18,14.84,15.80,14.65,15.76,1785300,15.76
2004-08-17,14.92,15.48,14.61,15.14,1685000,15.14
2004-08-16,14.71,15.25,14.10,15.04,4164100,15.04
2004-08-13,15.92,16.030001,13.56,14.92,7937200,14.92
2004-08-12,17.120001,17.639999,16.530001,16.700001,1761700,16.700001
2004-08-11,17.200001,17.66,16.27,17.17,2931600,17.17
2004-08-10,17.540001,17.799999,16.719999,17.370001,3569100,17.370001
2004-08-09,18.280001,18.309999,17.299999,17.67,1423000,17.67
2004-08-06,18.139999,18.68,17.50,17.940001,2738200,17.940001
2004-08-05,19.469999,19.959999,18.49,18.66,1823200,18.66
2004-08-04,19.639999,20.25,19.33,19.549999,3002200,19.549999
2004-08-03,20.98,21.200001,19.940001,20.07,2536200,20.07
2004-08-02,20.23,21.700001,20.030001,21.450001,2986800,21.450001
2004-07-30,19.50,20.879999,19.209999,20.719999,3778100,20.719999
2004-07-29,20.280001,20.790001,19.50,19.969999,8884100,19.969999
2004-07-28,17.07,17.950001,16.969999,17.75,4945300,17.75
2004-07-27,16.780001,17.18,16.50,16.93,2007000,16.93
2004-07-26,17.110001,17.15,16.299999,16.75,1739300,16.75
2004-07-23,17.50,17.65,16.75,16.940001,1745100,16.940001
2004-07-22,16.110001,17.85,15.92,17.76,3392300,17.76
2004-07-21,17.540001,17.66,16.17,16.25,2005900,16.25
2004-07-20,15.72,17.40,15.60,17.35,3879400,17.35
2004-07-19,15.99,15.99,15.03,15.63,2723600,15.63
2004-07-16,16.40,16.50,15.50,15.70,1389800,15.70
2004-07-15,16.60,16.68,16.02,16.17,1170700,16.17
2004-07-14,15.70,16.809999,15.70,16.280001,2340900,16.280001
2004-07-13,16.200001,16.40,15.83,15.87,1871900,15.87
2004-07-12,15.75,16.18,15.60,16.15,1547900,16.15
2004-07-09,16.709999,16.76,15.80,16.01,1729700,16.01
2004-07-08,15.93,16.59,15.84,16.120001,2498700,16.120001
2004-07-07,16.40,17.10,15.59,16.139999,5335500,16.139999
2004-07-06,18.030001,18.24,16.99,17.059999,2220600,17.059999
2004-07-02,18.01,18.299999,17.629999,17.799999,1884800,17.799999
2004-07-01,19.469999,19.77,18.00,18.030001,4594900,18.030001
2004-06-30,20.83,21.23,19.629999,19.879999,3572100,19.879999
2004-06-29,21.15,21.370001,20.50,20.780001,1567000,20.780001
2004-06-28,20.629999,21.540001,20.60,20.84,2561900,20.84
2004-06-25,20.440001,20.780001,20.00,20.18,1781400,20.18
2004-06-24,20.00,21.450001,19.969999,20.50,2604500,20.50
2004-06-23,20.200001,20.389999,19.83,20.09,2034100,20.09
2004-06-22,19.98,20.299999,19.32,20.24,3280800,20.24
2004-06-21,21.26,21.309999,19.51,19.780001,4697500,19.780001
2004-06-18,22.15,22.27,21.00,21.139999,2662700,21.139999
2004-06-17,22.65,22.700001,22.07,22.190001,1180600,22.190001
2004-06-16,22.450001,23.08,22.26,22.780001,1610100,22.780001
2004-06-15,21.77,22.98,21.68,22.450001,2401700,22.450001
2004-06-14,22.18,22.540001,21.84,22.049999,1676400,22.049999
2004-06-10,23.110001,23.450001,22.40,22.780001,1993500,22.780001
2004-06-09,23.75,24.290001,22.790001,22.98,2443100,22.98
2004-06-08,23.879999,24.370001,23.530001,23.92,3030500,23.92
2004-06-07,23.700001,24.610001,22.65,24.049999,5560600,24.049999
2004-06-04,22.66,23.74,22.59,23.040001,4699800,23.040001
2004-06-03,23.049999,23.940001,21.67,21.99,6066800,21.99
2004-06-02,23.059999,25.389999,22.719999,23.459999,18624400,23.459999
2004-06-01,20.82,23.129999,20.360001,22.99,6863100,22.99
2004-05-28,19.66,20.790001,19.549999,20.65,2374700,20.65
2004-05-27,20.34,20.620001,19.43,19.799999,3547700,19.799999
2004-05-26,20.51,21.17,20.059999,20.26,3075000,20.26
2004-05-25,19.50,20.60,19.40,20.549999,3700200,20.549999
2004-05-24,19.23,19.940001,19.15,19.57,3760700,19.57
2004-05-21,18.610001,18.940001,18.360001,18.700001,1896500,18.700001
2004-05-20,18.58,18.73,18.08,18.299999,2195800,18.299999
2004-05-19,18.620001,19.58,18.219999,18.309999,4287000,18.309999
2004-05-18,18.51,18.559999,17.610001,18.00,3381300,18.00
2004-05-17,16.35,18.01,16.030001,17.950001,4039900,17.950001
2004-05-14,17.719999,17.790001,16.700001,16.950001,3286000,16.950001
2004-05-13,16.629999,18.35,16.60,17.799999,4794500,17.799999
2004-05-12,17.299999,17.35,15.92,17.02,3952500,17.02
2004-05-11,15.63,17.27,15.50,17.10,4849900,17.10
2004-05-10,16.15,16.190001,15.00,15.29,4837800,15.29
2004-05-07,17.200001,17.67,16.540001,16.65,2206200,16.65
2004-05-06,17.200001,17.629999,16.870001,17.209999,1818000,17.209999
2004-05-05,18.280001,18.389999,17.00,17.459999,2098300,17.459999
2004-05-04,17.17,18.129999,17.049999,18.09,1932100,18.09
2004-05-03,16.950001,17.67,16.83,17.07,2214800,17.07
2004-04-30,17.709999,18.139999,16.25,16.74,4624000,16.74
2004-04-29,17.17,18.74,16.719999,17.82,9438900,17.82
2004-04-28,19.110001,22.02,18.73,19.200001,7005800,19.200001
2004-04-27,22.139999,23.18,22.120001,22.559999,1818700,22.559999
2004-04-26,22.799999,23.200001,22.15,22.24,1531400,22.24
2004-04-23,23.360001,23.59,22.629999,22.84,1265900,22.84
2004-04-22,22.48,23.60,22.02,23.120001,2362600,23.120001
2004-04-21,21.90,22.24,21.40,22.129999,1439200,22.129999
2004-04-20,23.02,23.59,21.799999,21.85,2044000,21.85
2004-04-19,22.700001,23.15,22.65,22.780001,1800900,22.780001
2004-04-16,23.50,23.84,22.83,23.139999,1759600,23.139999
2004-04-15,24.15,24.43,23.459999,23.67,1338800,23.67
2004-04-14,24.25,24.709999,23.629999,24.18,1392700,24.18
2004-04-13,25.969999,26.15,24.120001,24.49,1510500,24.49
2004-04-12,26.08,26.379999,25.57,25.85,726800,25.85
2004-04-08,26.90,26.93,25.75,26.10,3111600,26.10
2004-04-07,25.440001,25.75,25.120001,25.17,1240200,25.17
2004-04-06,25.90,26.16,25.450001,25.459999,1002900,25.459999
2004-04-05,26.25,26.700001,25.93,26.10,1320500,26.10
2004-04-02,25.50,26.16,25.360001,26.120001,2051900,26.120001
2004-04-01,24.77,25.23,24.68,24.950001,950200,24.950001
2004-03-31,25.42,25.48,24.59,24.889999,1418800,24.889999
2004-03-30,24.799999,25.40,24.60,25.280001,1309300,25.280001
2004-03-29,24.52,25.540001,24.52,24.940001,1920900,24.940001
2004-03-26,24.190001,24.58,23.90,24.200001,2043100,24.200001
2004-03-25,23.120001,24.49,23.07,24.379999,2499900,24.379999
2004-03-24,23.85,23.92,22.620001,22.860001,2572800,22.860001
2004-03-23,23.440001,23.66,22.68,23.530001,3702300,23.530001
2004-03-22,23.99,24.00,22.41,22.75,2486800,22.75
2004-03-19,24.65,24.98,24.360001,24.40,1444200,24.40
2004-03-18,24.85,24.85,23.90,24.370001,1707400,24.370001
2004-03-17,24.32,24.84,23.889999,24.66,2525700,24.66
2004-03-16,23.82,24.370001,22.790001,23.530001,3510300,23.530001
2004-03-15,24.00,25.440001,23.299999,23.559999,4691200,23.559999
2004-03-12,24.99,25.23,24.02,24.459999,2908100,24.459999
2004-03-11,24.15,25.48,24.02,24.50,3905900,24.50
2004-03-10,26.99,27.030001,24.15,24.42,5784500,24.42
2004-03-09,27.129999,27.790001,26.549999,26.889999,2152100,26.889999
2004-03-08,28.200001,28.530001,27.00,27.01,2544600,27.01
2004-03-05,27.870001,28.969999,27.530001,28.49,1861400,28.49
2004-03-04,28.43,28.77,27.799999,28.17,2915200,28.17
2004-03-03,28.83,29.10,28.25,28.280001,1702300,28.280001
2004-03-02,29.25,29.73,28.709999,28.93,2415900,28.93
2004-03-01,28.219999,29.49,28.219999,29.299999,2721600,29.299999
2004-02-27,28.299999,28.860001,28.01,28.120001,2548600,28.120001
2004-02-26,28.00,28.190001,27.65,28.049999,1668300,28.049999
2004-02-25,26.75,28.00,26.75,27.91,2533000,27.91
2004-02-24,26.85,27.190001,26.219999,26.74,2219300,26.74
2004-02-23,28.059999,28.129999,26.889999,27.120001,2821000,27.120001
2004-02-20,26.98,27.75,25.969999,27.559999,4580100,27.559999
2004-02-19,29.290001,29.360001,26.51,26.620001,5017400,26.620001
2004-02-18,28.799999,29.799999,28.40,28.700001,6322300,28.700001
2004-02-17,28.889999,28.90,27.799999,27.99,3550800,27.99
2004-02-13,29.60,29.83,28.50,28.719999,2126900,28.719999
2004-02-12,29.469999,29.90,29.01,29.360001,1534500,29.360001
2004-02-11,29.99,30.00,29.10,29.50,2052500,29.50
2004-02-10,29.690001,30.25,29.52,29.790001,1721000,29.790001
2004-02-09,29.24,30.74,29.219999,29.52,3286400,29.52
2004-02-06,28.360001,29.24,28.309999,29.049999,1984000,29.049999
2004-02-05,28.16,29.23,27.809999,28.59,3797600,28.59
2004-02-04,30.65,30.780001,27.370001,27.530001,8487000,27.530001
2004-02-03,31.110001,31.700001,29.25,30.41,17258800,30.41
2004-02-02,36.919998,38.400002,36.779999,37.91,3446700,37.91
2004-01-30,35.150002,36.849998,35.02,36.560001,3096900,36.560001
2004-01-29,36.50,36.689999,33.91,34.73,4226300,34.73
2004-01-28,38.200001,38.48,35.799999,35.91,2368600,35.91
2004-01-27,39.130001,40.150002,37.709999,37.889999,2893600,37.889999
2004-01-26,37.41,39.709999,37.310001,39.709999,3982200,39.709999
2004-01-23,36.799999,37.330002,36.400002,37.290001,1363400,37.290001
2004-01-22,36.990002,38.389999,36.73,36.75,1820000,36.75
2004-01-21,37.740002,38.099998,36.799999,36.959999,1482900,36.959999
2004-01-20,38.099998,38.580002,37.32,37.880001,2055800,37.880001
2004-01-16,37.75,38.099998,37.200001,37.98,1864800,37.98
2004-01-15,36.41,37.490002,35.580002,37.34,3064100,37.34
2004-01-14,37.439999,37.450001,35.830002,36.900002,4368700,36.900002
2004-01-13,34.529999,36.599998,34.50,35.009998,3746200,35.009998
2004-01-12,34.48,34.950001,33.68,34.529999,2072100,34.529999
2004-01-09,34.540001,35.50,34.150002,34.369999,2670000,34.369999
2004-01-08,34.720001,35.150002,34.029999,34.98,2327500,34.98
2004-01-07,33.91,35.00,33.450001,34.450001,2631100,34.450001
2004-01-06,33.880001,34.25,33.07,34.009998,2448400,34.009998
2004-01-05,32.950001,34.990002,32.599998,33.860001,5687200,33.860001
2004-01-02,31.42,32.75,30.00,32.700001,4608400,32.700001
2003-12-31,30.00,30.440001,29.690001,29.91,1262500,29.91
2003-12-30,30.92,30.969999,29.73,30.02,1731600,30.02
2003-12-29,29.809999,30.90,29.629999,30.879999,1760400,30.879999
2003-12-26,29.48,30.18,29.35,29.690001,1030200,29.690001
2003-12-24,29.120001,30.360001,28.92,29.60,1226800,29.60
2003-12-23,29.049999,29.52,28.719999,29.299999,1716000,29.299999
2003-12-22,29.379999,29.549999,28.34,28.93,1946800,28.93
2003-12-19,28.709999,29.48,28.620001,29.200001,3635500,29.200001
2003-12-18,28.469999,29.26,28.110001,28.59,2262700,28.59
2003-12-17,28.60,29.360001,27.799999,28.389999,3398500,28.389999
2003-12-16,29.51,30.08,28.299999,28.799999,3432600,28.799999
2003-12-15,32.349998,32.48,29.24,29.49,3814900,29.49
2003-12-12,31.309999,31.799999,30.379999,31.33,2041300,31.33
2003-12-11,29.74,31.309999,29.40,31.09,2668800,31.09
2003-12-10,29.76,30.40,28.50,29.59,3532800,29.59
2003-12-09,32.099998,32.25,29.049999,29.530001,6002100,29.530001
2003-12-08,32.290001,32.549999,31.219999,32.220001,1494100,32.220001
2003-12-05,32.75,33.509998,32.150002,32.400002,1767900,32.400002
2003-12-04,33.330002,33.380001,32.490002,33.23,2194700,33.23
2003-12-03,35.279999,35.400002,32.689999,33.139999,3068600,33.139999
2003-12-02,34.93,35.279999,34.650002,34.849998,1473300,34.849998
2003-12-01,35.34,35.50,34.50,34.84,2574900,34.84
2003-11-28,34.150002,34.93,33.950001,34.700001,693700,34.700001
2003-11-26,35.099998,35.110001,33.77,34.400002,1926400,34.400002
2003-11-25,34.849998,35.810001,34.169998,34.41,3414900,34.41
2003-11-24,32.00,34.75,31.76,34.630001,5676200,34.630001
2003-11-21,31.690001,32.450001,31.219999,31.450001,2382800,31.450001
2003-11-20,30.00,32.50,29.90,31.40,5003300,31.40
2003-11-19,31.129999,31.40,29.00,30.23,5404700,30.23
2003-11-18,32.330002,32.50,30.74,30.950001,2886000,30.950001
2003-11-17,30.549999,32.490002,30.299999,31.51,4530900,31.51
2003-11-14,32.220001,32.450001,30.82,31.139999,1898800,31.139999
2003-11-13,32.700001,33.330002,32.049999,32.09,2826300,32.09
2003-11-12,31.83,33.240002,31.57,33.00,2955500,33.00
2003-11-11,33.490002,33.599998,30.860001,31.50,4191600,31.50
2003-11-10,34.880001,34.880001,33.389999,33.439999,3187200,33.439999
2003-11-07,33.639999,34.599998,32.630001,34.50,4040700,34.50
2003-11-06,34.450001,34.790001,32.810001,33.290001,2811800,33.290001
2003-11-05,34.849998,35.150002,33.450001,34.349998,3764400,34.349998
2003-11-04,34.799999,36.189999,34.779999,34.959999,3295400,34.959999
2003-11-03,35.700001,35.900002,34.380001,35.220001,3959600,35.220001
2003-10-31,36.200001,36.50,34.200001,34.310001,4598900,34.310001
2003-10-30,37.599998,38.00,35.220001,35.740002,6299700,35.740002
2003-10-29,34.610001,36.799999,34.099998,36.169998,7161400,36.169998
2003-10-28,38.07,38.25,36.119999,37.169998,6596500,37.169998
2003-10-27,38.860001,38.990002,36.400002,36.950001,6160800,36.950001
2003-10-24,34.369999,37.950001,34.369999,37.200001,15021200,37.200001
2003-10-23,32.509998,33.48,31.809999,32.810001,4635100,32.810001
2003-10-22,32.689999,34.099998,32.50,32.900002,4416000,32.900002
2003-10-21,35.130001,37.299999,32.52,32.860001,9186300,32.860001
2003-10-20,35.150002,35.75,34.75,35.509998,3046500,35.509998
2003-10-17,35.900002,36.330002,34.310001,35.200001,3358400,35.200001
2003-10-16,34.310001,36.16,33.75,36.130001,4363900,36.130001
2003-10-15,37.389999,37.700001,34.630001,34.869999,4337700,34.869999
2003-10-14,36.830002,37.599998,36.200001,37.099998,2256800,37.099998
2003-10-13,37.959999,37.98,36.509998,37.110001,2732900,37.110001
2003-10-10,37.299999,37.66,36.32,37.07,3217000,37.07
2003-10-09,38.189999,38.650002,36.299999,36.970001,6722600,36.970001
2003-10-08,35.830002,36.619999,35.50,36.619999,4415400,36.619999
2003-10-07,34.700001,36.43,34.220001,35.419998,5405900,35.419998
2003-10-06,33.950001,35.290001,33.57,34.950001,4167100,34.950001
2003-10-03,34.23,34.380001,33.099998,33.380001,4976000,33.380001
2003-10-02,31.950001,33.889999,31.91,33.009998,6033000,33.009998
2003-10-01,31.780001,32.73,30.459999,32.02,8565800,32.02
2003-09-30,33.599998,34.27,31.10,31.18,6261000,31.18
2003-09-29,32.43,34.389999,31.76,34.130001,8527600,34.130001
2003-09-26,34.669998,35.970001,30.85,31.60,9946700,31.60
2003-09-25,39.240002,39.389999,35.099998,35.150002,10718100,35.150002
2003-09-24,41.48,42.50,39.119999,39.23,6005200,39.23
2003-09-23,42.00,42.50,40.75,41.25,5316100,41.25
2003-09-22,38.509998,42.349998,38.32,41.790001,5326100,41.790001
2003-09-19,40.779999,41.25,39.849998,39.98,2280000,39.98
2003-09-18,39.080002,40.75,38.869999,40.700001,2884200,40.700001
2003-09-17,39.490002,40.50,38.82,39.380001,3582000,39.380001
2003-09-16,39.130001,39.740002,38.720001,39.669998,4758300,39.669998
2003-09-15,37.450001,38.860001,37.349998,38.459999,4196200,38.459999
2003-09-12,35.889999,36.919998,35.77,36.810001,1982400,36.810001
2003-09-11,36.639999,36.919998,35.099998,35.91,3196600,35.91
2003-09-10,36.09,37.75,35.799999,35.84,4456200,35.84
2003-09-09,35.049999,36.799999,34.799999,36.50,4133100,36.50
2003-09-08,35.549999,36.00,34.50,35.290001,2777000,35.290001
2003-09-05,34.669998,36.049999,34.25,35.040001,2888700,35.040001
2003-09-04,33.720001,35.66,33.32,35.060001,3904900,35.060001
2003-09-03,34.830002,36.299999,33.549999,34.049999,7021200,34.049999
2003-09-02,30.26,34.50,30.049999,34.470001,5766100,34.470001
2003-08-29,29.809999,30.709999,29.700001,29.92,1447600,29.92
2003-08-28,30.059999,30.280001,29.540001,29.889999,2012400,29.889999
2003-08-27,30.25,30.58,29.48,29.959999,2514400,29.959999
2003-08-26,29.24,30.57,28.43,30.059999,3997200,30.059999
2003-08-25,30.51,30.51,28.83,29.700001,3348500,29.700001
2003-08-22,32.919998,32.98,30.75,30.860001,3364100,30.860001
2003-08-21,34.349998,34.549999,32.509998,32.549999,4611200,32.549999
2003-08-20,29.25,33.48,29.15,33.200001,5040500,33.200001
2003-08-19,31.60,31.959999,30.52,30.74,2458600,30.74
2003-08-18,30.620001,31.25,30.030001,31.030001,3140300,31.030001
2003-08-15,30.50,30.58,29.049999,30.040001,1716300,30.040001
2003-08-14,32.18,32.529999,30.10,30.440001,3442700,30.440001
2003-08-13,31.200001,32.849998,30.950001,32.419998,3561900,32.419998
2003-08-12,30.030001,31.290001,29.35,31.209999,2131700,31.209999
2003-08-11,31.030001,31.74,29.73,30.190001,4013900,30.190001
2003-08-08,30.200001,30.75,26.93,30.459999,7236000,30.459999
2003-08-07,31.08,31.950001,29.129999,29.450001,5013400,29.450001
2003-08-06,34.75,34.830002,31.83,32.27,4314700,32.27
2003-08-05,34.900002,36.450001,33.990002,34.110001,3446800,34.110001
2003-08-04,36.91,36.91,33.349998,34.650002,5488500,34.650002
2003-08-01,39.419998,39.52,36.799999,37.18,2515400,37.18
2003-07-31,40.00,40.549999,38.810001,39.740002,2184800,39.740002
2003-07-30,40.549999,40.98,38.869999,39.349998,1946000,39.349998
2003-07-29,41.77,41.939999,39.700001,40.799999,3684200,40.799999
2003-07-28,39.779999,40.900002,39.220001,39.73,2604300,39.73
2003-07-25,38.00,39.799999,36.66,39.709999,3147400,39.709999
2003-07-24,37.98,39.790001,37.50,38.02,5273000,38.02
2003-07-23,35.849998,37.50,35.299999,36.299999,7545300,36.299999
2003-07-22,41.139999,41.470001,37.00,39.849998,5431400,39.849998
2003-07-21,40.990002,41.939999,39.66,40.610001,4457300,40.610001
2003-07-18,38.009998,41.349998,37.299999,40.900002,4486100,40.900002
2003-07-17,38.48,38.950001,35.799999,37.099998,4874500,37.099998
2003-07-16,42.060001,42.119999,39.119999,40.169998,3880700,40.169998
2003-07-15,42.709999,43.400002,40.689999,41.66,3822100,41.66
2003-07-14,42.560001,43.200001,41.599998,42.68,4588600,42.68
2003-07-11,39.099998,40.860001,37.810001,40.82,4589000,40.82
2003-07-10,39.439999,41.880001,37.75,38.25,5456400,38.25
2003-07-09,37.150002,41.16,36.900002,40.50,7148000,40.50
2003-07-08,37.439999,39.00,36.220001,36.360001,8037600,36.360001
2003-07-07,34.560001,35.00,33.369999,34.740002,4050200,34.740002
2003-07-03,33.00,34.299999,32.330002,33.84,2113700,33.84
2003-07-02,35.360001,35.98,33.799999,34.18,4593800,34.18
2003-07-01,34.23,35.75,32.049999,34.73,6642200,34.73
2003-06-30,32.580002,34.720001,31.370001,34.00,9177300,34.00
2003-06-27,30.90,32.599998,30.50,31.40,6820500,31.40
2003-06-26,26.51,30.200001,26.35,30.00,4492800,30.00
2003-06-25,27.07,27.48,26.030001,26.24,2246800,26.24
2003-06-24,26.309999,27.379999,25.57,26.99,2742100,26.99
2003-06-23,28.299999,28.98,26.07,26.50,3372300,26.50
2003-06-20,27.15,28.40,25.24,27.83,8415300,27.83
2003-06-19,30.50,32.25,26.559999,27.139999,8011800,27.139999
2003-06-18,33.27,33.900002,30.209999,31.18,5149600,31.18
2003-06-17,33.689999,35.630001,33.209999,34.970001,2348600,34.970001
2003-06-16,32.790001,33.50,31.65,33.34,1984400,33.34
2003-06-13,32.860001,33.25,31.59,32.450001,2238800,32.450001
2003-06-12,32.360001,32.990002,31.35,32.700001,2487100,32.700001
2003-06-11,30.950001,31.90,30.16,31.59,2376600,31.59
2003-06-10,29.549999,30.90,29.120001,30.90,2473300,30.90
2003-06-09,28.559999,29.67,27.620001,29.110001,2176800,29.110001
2003-06-06,30.85,31.790001,28.57,28.57,3162600,28.57
2003-06-05,29.59,30.799999,29.25,30.09,3016300,30.09
2003-06-04,28.50,29.879999,27.610001,29.85,3659600,29.85
2003-06-03,25.50,28.41,25.02,28.370001,3830300,28.370001
2003-06-02,28.68,29.200001,25.549999,25.860001,3427900,25.860001
2003-05-30,28.41,29.10,27.139999,28.040001,3415800,28.040001
2003-05-29,26.450001,27.50,26.26,27.42,2750700,27.42
2003-05-28,26.33,26.35,25.049999,25.83,2143400,25.83
2003-05-27,24.59,26.299999,24.450001,25.66,3205900,25.66
2003-05-23,22.98,24.549999,22.950001,24.48,2585600,24.48
2003-05-22,21.35,23.09,21.18,22.77,1974000,22.77
2003-05-21,21.309999,21.559999,20.549999,21.25,1270800,21.25
2003-05-20,22.24,22.83,20.76,21.639999,2202100,21.639999
2003-05-19,22.66,23.24,21.33,22.00,2244000,22.00
2003-05-16,21.17,22.99,21.049999,22.83,1714300,22.83
2003-05-15,21.99,22.00,21.00,21.43,1304300,21.43
2003-05-14,20.26,21.75,20.15,21.68,2237100,21.68
2003-05-13,19.00,20.15,18.73,20.00,1704700,20.00
2003-05-12,18.84,19.450001,18.59,19.27,1213900,19.27
2003-05-09,18.719999,19.129999,18.620001,18.799999,788400,18.799999
2003-05-08,18.620001,18.98,18.10,18.549999,946600,18.549999
2003-05-07,18.110001,19.34,18.02,18.76,1656800,18.76
2003-05-06,19.10,19.879999,18.030001,18.48,2479300,18.48
2003-05-05,17.700001,19.219999,17.200001,19.15,3618500,19.15
2003-05-02,15.77,17.290001,15.55,17.15,2541100,17.15
2003-05-01,15.10,15.75,15.10,15.59,601800,15.59
2003-04-30,15.46,15.80,15.00,15.45,662200,15.45
2003-04-29,15.39,16.18,14.80,15.23,2202200,15.23
2003-04-28,14.29,15.40,13.51,15.15,2422200,15.15
2003-04-25,16.200001,16.200001,13.90,14.90,3137600,14.90
2003-04-24,14.71,16.68,14.66,15.82,4358700,15.82
2003-04-23,13.46,14.07,13.16,13.84,1556300,13.84
2003-04-22,14.90,15.45,12.80,13.30,2460400,13.30
2003-04-21,14.59,14.90,14.24,14.86,928800,14.86
2003-04-17,13.65,14.37,13.40,14.04,918600,14.04
2003-04-16,14.01,14.74,13.55,13.61,1839300,13.61
2003-04-15,12.19,13.90,12.14,13.81,1680600,13.81
2003-04-14,12.07,12.49,12.01,12.35,338100,12.35
2003-04-11,12.30,12.79,12.05,12.21,445400,12.21
2003-04-10,11.84,12.33,11.52,12.33,513500,12.33
2003-04-09,12.19,12.35,11.45,11.67,585800,11.67
2003-04-08,12.46,12.70,12.02,12.25,487100,12.25
2003-04-07,13.06,13.10,12.20,12.41,1410400,12.41
2003-04-04,12.07,12.45,11.86,12.29,565500,12.29
2003-04-03,11.60,11.97,11.30,11.76,337500,11.76
2003-04-02,11.55,12.07,11.25,11.37,651400,11.37
2003-04-01,10.76,11.27,10.76,11.07,616100,11.07
2003-03-31,11.45,11.49,10.51,10.92,974100,10.92
2003-03-28,11.85,12.19,11.60,11.73,546100,11.73
2003-03-27,11.95,13.00,11.28,12.02,3076100,12.02
2003-03-26,9.84,12.30,9.73,12.13,2816900,12.13
2003-03-25,9.02,9.85,8.92,9.71,456900,9.71
2003-03-24,8.83,9.28,8.80,9.00,323300,9.00
2003-03-21,9.47,9.86,9.13,9.55,578600,9.55
2003-03-20,8.78,9.54,8.70,9.50,452600,9.50
2003-03-19,9.08,9.20,8.71,8.92,384700,8.92
2003-03-18,8.96,9.19,8.54,8.96,331900,8.96
2003-03-17,8.15,9.10,8.10,8.99,696100,8.99
2003-03-14,8.71,8.74,7.92,8.32,482200,8.32
2003-03-13,8.38,8.90,8.20,8.65,654900,8.65
2003-03-12,6.97,8.20,6.91,8.15,638200,8.15
2003-03-11,7.02,7.25,6.80,7.01,304700,7.01
2003-03-10,7.33,7.50,7.00,7.04,424600,7.04
2003-03-07,7.74,7.84,7.46,7.50,335600,7.50
2003-03-06,8.02,8.04,7.58,7.74,177000,7.74
2003-03-05,7.67,8.16,7.58,7.95,406300,7.95
2003-03-04,8.20,8.25,7.65,7.74,522400,7.74
2003-03-03,8.77,9.13,8.06,8.33,656400,8.33
2003-02-28,8.80,8.94,8.65,8.82,265900,8.82
2003-02-27,8.91,9.08,8.55,8.80,728000,8.80
2003-02-26,9.18,9.63,8.67,9.14,1264100,9.14
2003-02-25,8.46,9.25,8.38,9.12,506700,9.12
2003-02-24,8.59,9.38,8.42,8.87,723000,8.87
2003-02-21,8.22,8.62,8.05,8.48,557000,8.48
2003-02-20,8.40,8.65,8.20,8.36,327300,8.36
2003-02-19,8.36,8.45,8.02,8.36,301300,8.36
2003-02-18,7.66,8.51,7.51,8.49,708800,8.49
2003-02-14,6.87,7.63,6.83,7.57,807700,7.57
2003-02-13,7.20,7.33,6.10,6.83,1357200,6.83
2003-02-12,8.20,8.42,7.26,7.32,863200,7.32
2003-02-11,8.60,8.67,8.25,8.39,225100,8.39
2003-02-10,8.35,8.74,8.10,8.45,557500,8.45
2003-02-07,8.53,8.78,8.32,8.51,253700,8.51
2003-02-06,8.35,8.65,8.20,8.63,817400,8.63
2003-02-05,8.72,8.87,8.40,8.45,241300,8.45
2003-02-04,8.30,8.75,8.30,8.74,341400,8.74
2003-02-03,8.85,8.99,8.55,8.71,310600,8.71
2003-01-31,8.20,8.71,8.01,8.67,488200,8.67
2003-01-30,9.25,9.38,8.36,8.42,597700,8.42
2003-01-29,8.20,9.10,8.08,9.00,706500,9.00
2003-01-28,8.51,9.00,7.87,8.65,1907700,8.65
2003-01-27,9.64,9.78,8.20,8.74,1338500,8.74
2003-01-24,9.97,9.99,9.66,9.75,530300,9.75
2003-01-23,10.00,10.24,9.50,9.98,991700,9.98
2003-01-22,9.58,9.99,9.25,9.66,1186100,9.66
2003-01-21,10.02,10.48,9.80,10.00,3145400,10.00
2003-01-17,7.61,8.80,7.61,8.72,961500,8.72
2003-01-16,7.59,8.05,7.53,7.90,571900,7.90
2003-01-15,7.89,7.96,7.30,7.67,474700,7.67
2003-01-14,8.00,8.06,7.81,7.95,387700,7.95
2003-01-13,8.21,8.30,7.86,7.95,596600,7.95
2003-01-10,7.55,7.90,7.36,7.74,302800,7.74
2003-01-09,7.65,7.85,7.55,7.60,458300,7.60
2003-01-08,7.52,7.60,7.35,7.43,521600,7.43
2003-01-07,8.31,8.32,7.48,7.72,1098800,7.72
2003-01-06,7.50,7.85,7.21,7.68,1945400,7.68
2003-01-03,6.65,7.20,6.40,7.08,800500,7.08
2003-01-02,6.49,6.68,6.36,6.56,480600,6.56
2002-12-31,6.12,6.58,6.11,6.40,644100,6.40
2002-12-30,6.30,6.45,6.00,6.16,454300,6.16
2002-12-27,6.92,6.92,5.81,6.32,858100,6.32
2002-12-26,6.74,6.88,6.66,6.84,717600,6.84
2002-12-24,6.94,6.94,6.40,6.60,576400,6.60
2002-12-23,6.15,6.89,6.15,6.68,2108200,6.68
2002-12-20,5.49,6.34,5.40,6.22,724200,6.22
2002-12-19,5.47,5.75,5.25,5.59,261600,5.59
2002-12-18,5.96,5.99,5.27,5.47,435200,5.47
2002-12-17,4.97,6.00,4.65,5.98,681300,5.98
2002-12-16,4.60,4.90,4.50,4.81,70700,4.81
2002-12-13,4.99,5.00,4.50,4.78,98400,4.78
2002-12-12,4.51,4.98,4.32,4.95,167800,4.95
2002-12-11,4.31,4.85,4.30,4.46,194300,4.46
2002-12-10,4.33,4.65,4.26,4.35,246800,4.35
2002-12-09,5.35,5.40,4.50,4.50,434000,4.50
2002-12-06,5.35,5.61,5.28,5.45,79200,5.45
2002-12-05,5.62,5.92,5.53,5.60,79300,5.60
2002-12-04,5.55,5.66,5.25,5.63,127100,5.63
2002-12-03,5.80,6.05,5.34,5.60,181700,5.60
2002-12-02,6.02,6.38,5.60,5.80,435300,5.80
2002-11-29,5.52,6.00,5.47,5.95,514100,5.95
2002-11-27,5.30,5.53,5.07,5.53,559800,5.53
2002-11-26,5.50,5.70,5.20,5.30,253600,5.30
2002-11-25,5.84,5.85,5.30,5.68,551500,5.68
2002-11-22,5.36,5.94,5.35,5.70,828900,5.70
2002-11-21,5.21,5.75,5.05,5.51,1231300,5.51
2002-11-20,5.80,5.95,4.97,5.55,886500,5.55
2002-11-19,6.79,6.80,5.56,6.00,1253000,6.00
2002-11-18,5.99,6.48,5.80,6.45,1500600,6.45
2002-11-15,4.86,5.91,4.76,5.76,1118700,5.76
2002-11-14,3.93,4.89,3.92,4.75,452000,4.75
2002-11-13,3.76,3.94,3.76,3.85,166400,3.85
2002-11-12,3.50,3.91,3.50,3.80,145500,3.80
2002-11-11,3.97,4.03,3.51,3.74,242900,3.74
2002-11-08,4.38,4.38,3.90,4.10,226300,4.10
2002-11-07,4.35,4.42,4.10,4.31,303900,4.31
2002-11-06,4.09,4.40,3.86,4.20,631800,4.20
2002-11-05,3.36,4.00,3.36,3.95,640700,3.95
2002-11-04,3.39,3.49,3.18,3.35,171500,3.35
2002-11-01,3.27,3.49,3.01,3.44,151800,3.44
2002-10-31,3.35,3.36,3.10,3.19,207600,3.19
2002-10-30,3.56,3.60,3.21,3.40,275800,3.40
2002-10-29,2.76,3.57,2.75,3.56,752900,3.56
2002-10-28,2.60,2.96,2.58,2.75,212200,2.75
2002-10-25,2.26,2.50,2.25,2.50,121500,2.50
2002-10-24,2.18,2.30,2.15,2.27,46100,2.27
2002-10-23,2.33,2.38,2.16,2.25,75600,2.25
2002-10-22,2.35,2.45,2.19,2.32,228400,2.32
2002-10-21,2.20,2.39,2.15,2.38,89200,2.38
2002-10-18,2.09,2.20,2.03,2.20,99300,2.20
2002-10-17,2.07,2.10,2.01,2.10,45800,2.10
2002-10-16,2.10,2.12,2.00,2.10,53000,2.10
2002-10-15,2.08,2.12,2.00,2.10,133400,2.10
2002-10-14,1.94,2.07,1.88,2.06,87000,2.06
2002-10-11,1.66,1.96,1.65,1.96,10621600,1.96
2002-10-10,1.51,1.70,1.51,1.62,22000,1.62
2002-10-09,1.60,1.61,1.50,1.50,19900,1.50
2002-10-08,1.46,1.63,1.46,1.53,53700,1.53
2002-10-07,1.59,1.61,1.44,1.50,137100,1.50
2002-10-04,1.71,1.85,1.63,1.78,56100,1.78
2002-10-03,1.85,1.85,1.73,1.73,24500,1.73
2002-10-02,1.87,1.87,1.76,1.85,76700,1.85
2002-10-01,1.85,1.95,1.85,1.88,23800,1.88
2002-09-30,1.75,1.95,1.75,1.95,53200,1.95
2002-09-27,1.79,1.83,1.79,1.79,36600,1.79
2002-09-26,1.70,1.83,1.70,1.73,20000,1.73
2002-09-25,1.70,1.77,1.70,1.71,11200,1.71
2002-09-24,1.58,1.75,1.58,1.75,22000,1.75
2002-09-23,1.62,1.77,1.55,1.68,73100,1.68
2002-09-20,1.75,1.80,1.75,1.76,20800,1.76
2002-09-19,1.81,1.83,1.75,1.75,82000,1.75
2002-09-18,1.80,1.83,1.75,1.83,40200,1.83
2002-09-17,1.77,1.78,1.73,1.78,22400,1.78
2002-09-16,1.75,1.76,1.71,1.71,6300,1.71
2002-09-13,1.76,1.76,1.69,1.75,47500,1.75
2002-09-12,1.85,1.85,1.76,1.80,45500,1.80
2002-09-11,1.85,1.92,1.81,1.85,23800,1.85
2002-09-10,1.90,1.90,1.83,1.86,21000,1.86
2002-09-09,1.85,1.95,1.80,1.95,18900,1.95
2002-09-06,1.96,2.04,1.86,1.86,50700,1.86
2002-09-05,2.19,2.19,1.90,1.92,96900,1.92
2002-09-04,2.14,2.20,2.06,2.15,80700,2.15
2002-09-03,2.25,2.25,1.98,2.13,260800,2.13
2002-08-30,1.84,2.19,1.81,2.18,230900,2.18
2002-08-29,1.85,1.85,1.70,1.76,91100,1.76
2002-08-28,1.92,2.00,1.70,1.85,178400,1.85
2002-08-27,1.64,1.90,1.39,1.90,216700,1.90
2002-08-26,1.45,1.68,1.41,1.68,87400,1.68
2002-08-23,1.40,1.45,1.40,1.40,27600,1.40
2002-08-22,1.38,1.44,1.38,1.38,29700,1.38
2002-08-21,1.40,1.43,1.39,1.39,26500,1.39
2002-08-20,1.35,1.43,1.33,1.40,40300,1.40
2002-08-19,1.34,1.45,1.34,1.38,146600,1.38
2002-08-16,1.30,1.35,1.28,1.33,45600,1.33
2002-08-15,1.29,1.33,1.29,1.30,49400,1.30
2002-08-14,1.27,1.29,1.21,1.29,47400,1.29
2002-08-13,1.25,1.27,1.23,1.27,24500,1.27
2002-08-12,1.30,1.30,1.25,1.26,22400,1.26
2002-08-09,1.30,1.31,1.23,1.29,25300,1.29
2002-08-08,1.30,1.30,1.28,1.30,34700,1.30
2002-08-07,1.25,1.27,1.20,1.27,63600,1.27
2002-08-06,1.30,1.30,1.25,1.28,45100,1.28
2002-08-05,1.33,1.33,1.20,1.20,93200,1.20
2002-08-02,1.40,1.40,1.33,1.35,84600,1.35
2002-08-01,1.40,1.47,1.36,1.36,74200,1.36
2002-07-31,1.36,1.45,1.35,1.40,124800,1.40
2002-07-30,1.40,1.44,1.35,1.40,82800,1.40
2002-07-29,1.43,1.45,1.39,1.43,79500,1.43
2002-07-26,1.33,1.42,1.33,1.38,88200,1.38
2002-07-25,1.45,1.48,1.33,1.33,57300,1.33
2002-07-24,1.45,1.46,1.32,1.46,125200,1.46
2002-07-23,1.43,1.48,1.35,1.42,65700,1.42
2002-07-22,1.53,1.53,1.38,1.44,48800,1.44
2002-07-19,1.30,1.58,1.30,1.50,163900,1.50
2002-07-18,1.57,1.74,1.54,1.60,66800,1.60
2002-07-17,1.45,1.55,1.42,1.54,179600,1.54
2002-07-16,1.39,1.40,1.35,1.36,67000,1.36
2002-07-15,1.38,1.38,1.31,1.37,81600,1.37
2002-07-12,1.40,1.40,1.34,1.38,26900,1.38
2002-07-11,1.25,1.35,1.25,1.35,52900,1.35
2002-07-10,1.39,1.39,1.24,1.29,77200,1.29
2002-07-09,1.35,1.41,1.35,1.35,66700,1.35
2002-07-08,1.35,1.40,1.34,1.35,21500,1.35
2002-07-05,1.31,1.44,1.31,1.33,59700,1.33
2002-07-03,1.34,1.44,1.33,1.34,65500,1.34
2002-07-02,1.42,1.42,1.35,1.35,37500,1.35
2002-07-01,1.50,1.58,1.33,1.42,75700,1.42
2002-06-28,1.24,1.70,1.24,1.70,136700,1.70
2002-06-27,1.20,1.28,1.20,1.23,105800,1.23
2002-06-26,1.25,1.27,1.16,1.20,82300,1.20
2002-06-25,1.27,1.27,1.16,1.17,67100,1.17
2002-06-24,1.19,1.26,1.19,1.20,49800,1.20
2002-06-21,1.16,1.25,1.15,1.15,73500,1.15
2002-06-20,1.21,1.25,1.15,1.15,139300,1.15
2002-06-19,1.22,1.25,1.20,1.20,39500,1.20
2002-06-18,0.91,1.25,0.87,1.23,146200,1.23
2002-06-17,1.20,1.23,1.16,1.22,38300,1.22
2002-06-14,1.11,1.20,1.11,1.18,25100,1.18
2002-06-13,1.18,1.18,1.15,1.18,22300,1.18
2002-06-12,1.15,1.20,1.15,1.18,14600,1.18
2002-06-11,1.07,1.19,1.07,1.16,63900,1.16
2002-06-10,1.12,1.12,1.07,1.07,15400,1.07
2002-06-07,1.18,1.18,1.08,1.08,5400,1.08
2002-06-06,1.11,1.11,1.08,1.10,5700,1.10
2002-06-05,1.18,1.18,1.10,1.10,9300,1.10
2002-06-04,1.18,1.19,1.10,1.12,21400,1.12
2002-06-03,1.22,1.23,1.13,1.13,3800,1.13
2002-05-31,1.13,1.22,1.13,1.20,127500,1.20
2002-05-30,1.11,1.11,1.09,1.09,16300,1.09
2002-05-29,1.07,1.15,1.07,1.07,2300,1.07
2002-05-28,1.07,1.10,1.07,1.08,5600,1.08
2002-05-24,1.07,1.10,1.07,1.10,6100,1.10
2002-05-23,1.06,1.07,1.06,1.07,4000,1.07
2002-05-22,1.06,1.06,1.06,1.06,000,1.06
2002-05-21,1.06,1.14,1.06,1.06,11000,1.06
2002-05-20,1.15,1.15,1.06,1.09,25000,1.09
2002-05-17,1.10,1.13,1.09,1.09,17700,1.09
2002-05-16,1.14,1.16,1.10,1.10,18700,1.10
2002-05-15,1.11,1.14,1.11,1.14,18000,1.14
2002-05-14,1.12,1.15,1.12,1.12,37600,1.12
2002-05-13,1.11,1.12,1.11,1.12,3700,1.12
2002-05-10,1.11,1.16,1.10,1.15,21300,1.15
2002-05-09,1.15,1.15,1.11,1.11,12600,1.11
2002-05-08,1.07,1.14,1.07,1.14,17600,1.14
2002-05-07,1.05,1.08,1.04,1.07,25800,1.07
2002-05-06,1.06,1.11,1.05,1.05,19600,1.05
2002-05-03,1.11,1.11,1.08,1.09,11200,1.09
2002-05-02,1.19,1.19,1.09,1.09,9500,1.09
2002-05-01,1.18,1.19,1.15,1.15,33300,1.15
2002-04-30,1.17,1.19,1.12,1.19,62600,1.19
2002-04-29,1.07,1.18,1.07,1.17,76000,1.17
2002-04-26,1.02,1.14,1.02,1.05,139300,1.05
2002-04-25,1.04,1.04,1.02,1.04,7800,1.04
2002-04-24,1.05,1.07,1.02,1.05,48000,1.05
2002-04-23,1.02,1.10,0.98,1.05,212100,1.05
2002-04-22,1.01,1.01,0.95,0.95,14500,0.95
2002-04-19,0.95,1.02,0.94,1.02,18500,1.02
2002-04-18,0.99,1.00,0.95,0.99,14700,0.99
2002-04-17,0.94,0.98,0.94,0.98,5100,0.98
2002-04-16,0.94,0.98,0.94,0.97,2700,0.97
2002-04-15,0.94,0.97,0.94,0.97,4000,0.97
2002-04-12,0.92,0.95,0.92,0.95,3200,0.95
2002-04-11,0.93,0.95,0.92,0.92,10200,0.92
2002-04-10,0.90,0.92,0.90,0.90,7600,0.90
2002-04-09,0.94,0.94,0.92,0.92,5000,0.92
2002-04-08,0.95,0.96,0.90,0.96,38400,0.96
2002-04-05,1.01,1.01,0.87,0.87,196700,0.87
2002-04-04,1.00,1.04,1.00,1.00,2500,1.00
2002-04-03,1.02,1.04,1.00,1.00,28100,1.00
2002-04-02,1.00,1.00,1.00,1.00,4000,1.00
2002-04-01,1.00,1.01,0.96,1.01,36700,1.01
2002-03-28,1.00,1.01,0.99,1.01,32900,1.01
2002-03-27,0.96,0.96,0.94,0.94,11000,0.94
2002-03-26,0.96,0.96,0.96,0.96,1400,0.96
2002-03-25,0.96,0.96,0.96,0.96,600,0.96
2002-03-22,0.96,1.00,0.95,1.00,3700,1.00
2002-03-21,0.95,1.00,0.95,0.95,22600,0.95
2002-03-20,0.99,0.99,0.94,0.94,10500,0.94
2002-03-19,1.02,1.02,0.97,1.00,22100,1.00
2002-03-18,1.02,1.02,1.02,1.02,2300,1.02
2002-03-15,1.02,1.02,1.01,1.02,17500,1.02
2002-03-14,0.98,1.02,0.98,1.02,1100,1.02
2002-03-13,1.00,1.00,0.98,0.98,43200,0.98
2002-03-12,1.03,1.03,0.99,1.02,75200,1.02
2002-03-11,1.03,1.04,1.03,1.03,8400,1.03
2002-03-08,1.02,1.05,1.02,1.02,33000,1.02
2002-03-07,1.05,1.06,1.02,1.02,72300,1.02
2002-03-06,1.05,1.08,1.05,1.06,31900,1.06
2002-03-05,1.06,1.08,1.05,1.05,51400,1.05
2002-03-04,1.06,1.08,1.05,1.07,24200,1.07
2002-03-01,1.08,1.08,1.05,1.06,72600,1.06
2002-02-28,1.05,1.07,1.05,1.05,8800,1.05
2002-02-27,1.05,1.06,1.05,1.05,5300,1.05
2002-02-26,1.08,1.08,1.05,1.05,4800,1.05
2002-02-25,1.03,1.08,1.03,1.05,15600,1.05
2002-02-22,1.07,1.07,1.02,1.05,18200,1.05
2002-02-21,1.07,1.08,1.05,1.05,13500,1.05
2002-02-20,1.10,1.10,1.04,1.07,34800,1.07
2002-02-19,1.12,1.12,1.09,1.10,60800,1.10
2002-02-15,1.12,1.13,1.10,1.12,13300,1.12
2002-02-14,1.11,1.13,1.10,1.11,9800,1.11
2002-02-13,1.10,1.12,1.10,1.10,4300,1.10
2002-02-12,1.13,1.13,1.10,1.10,15600,1.10
2002-02-11,1.06,1.14,1.05,1.10,21700,1.10
2002-02-08,1.15,1.15,1.05,1.05,20900,1.05
2002-02-07,1.05,1.11,1.05,1.11,17700,1.11
2002-02-06,1.11,1.11,1.03,1.03,23400,1.03
2002-02-05,1.15,1.15,1.00,1.08,42500,1.08
2002-02-04,1.08,1.14,1.06,1.14,35000,1.14
2002-02-01,1.04,1.12,1.04,1.12,14200,1.12
2002-01-31,1.09,1.13,1.07,1.07,55500,1.07
2002-01-30,1.13,1.13,1.00,1.09,65000,1.09
2002-01-29,1.13,1.16,1.12,1.12,33400,1.12
2002-01-28,1.13,1.17,1.13,1.15,51400,1.15
2002-01-25,1.12,1.15,1.12,1.13,4000,1.13
2002-01-24,1.12,1.18,1.12,1.15,7900,1.15
2002-01-23,1.13,1.15,1.10,1.14,28400,1.14
2002-01-22,1.20,1.20,1.10,1.12,30000,1.12
2002-01-18,1.13,1.13,1.10,1.13,16600,1.13
2002-01-17,1.11,1.13,1.11,1.13,40000,1.13
2002-01-16,1.13,1.15,1.12,1.13,26600,1.13
2002-01-15,1.18,1.18,1.15,1.15,19300,1.15
2002-01-14,1.20,1.21,1.11,1.18,25400,1.18
2002-01-11,1.20,1.21,1.18,1.21,30400,1.21
2002-01-10,1.30,1.31,1.18,1.20,25300,1.20
2002-01-09,1.15,1.30,1.15,1.24,129400,1.24
2002-01-08,1.11,1.21,1.10,1.17,53100,1.17
2002-01-07,1.06,1.19,1.06,1.17,123200,1.17
2002-01-04,1.15,1.18,1.15,1.18,67100,1.18
2002-01-03,1.18,1.19,1.12,1.16,19700,1.16
2002-01-02,1.18,1.23,1.13,1.18,35600,1.18
2001-12-31,1.16,1.25,1.10,1.20,229800,1.20
2001-12-28,1.18,1.27,1.10,1.14,128400,1.14
2001-12-27,1.14,1.17,1.05,1.10,71000,1.10
2001-12-26,1.07,1.13,1.05,1.13,31500,1.13
2001-12-24,1.07,1.10,1.06,1.07,15600,1.07
2001-12-21,1.07,1.07,1.04,1.06,19200,1.06
2001-12-20,1.05,1.09,1.04,1.04,25500,1.04
2001-12-19,1.07,1.08,1.06,1.07,47800,1.07
2001-12-18,1.06,1.07,1.04,1.07,47800,1.07
2001-12-17,1.13,1.13,1.08,1.08,35500,1.08
2001-12-14,1.10,1.11,1.09,1.11,69000,1.11
2001-12-13,1.14,1.16,1.09,1.09,26300,1.09
2001-12-12,1.15,1.15,1.12,1.12,11900,1.12
2001-12-11,1.13,1.17,1.13,1.15,41500,1.15
2001-12-10,1.16,1.17,1.15,1.17,36900,1.17
2001-12-07,1.22,1.24,1.17,1.17,38500,1.17
2001-12-06,1.19,1.22,1.17,1.22,93400,1.22
2001-12-05,1.19,1.21,1.16,1.18,84800,1.18
2001-12-04,1.17,1.19,1.13,1.16,32900,1.16
2001-12-03,1.24,1.25,1.16,1.17,76200,1.17
2001-11-30,1.16,1.24,1.15,1.20,392200,1.20
2001-11-29,1.14,1.15,1.14,1.15,356300,1.15
2001-11-28,1.15,1.17,1.14,1.15,453400,1.15
2001-11-27,1.14,1.16,1.14,1.15,600800,1.15
2001-11-26,1.11,1.16,1.10,1.15,334800,1.15
2001-11-23,1.18,1.18,1.10,1.12,10900,1.12
2001-11-21,1.20,1.20,1.12,1.15,606000,1.15
2001-11-20,1.10,1.15,1.10,1.15,107600,1.15
2001-11-19,1.10,1.14,1.08,1.09,26600,1.09
2001-11-16,1.14,1.15,1.10,1.10,43800,1.10
2001-11-15,1.15,1.15,1.10,1.11,33600,1.11
2001-11-14,1.11,1.15,1.11,1.12,54600,1.12
2001-11-13,1.14,1.15,1.12,1.15,11900,1.15
2001-11-12,1.19,1.19,1.08,1.10,110700,1.10
2001-11-09,1.24,1.24,1.15,1.20,32600,1.20
2001-11-08,1.15,1.28,1.15,1.24,99800,1.24
2001-11-07,1.20,1.24,1.11,1.14,30400,1.14
2001-11-06,1.21,1.23,1.10,1.21,61600,1.21
2001-11-05,1.03,1.27,1.03,1.24,76500,1.24
2001-11-02,1.00,1.09,1.00,1.03,107100,1.03
2001-11-01,1.01,1.02,0.96,1.02,66200,1.02
2001-10-31,1.02,1.15,0.97,0.97,72100,0.97
2001-10-30,0.98,1.00,0.95,0.98,11000,0.98
2001-10-29,0.98,1.00,0.90,0.98,26200,0.98
2001-10-26,0.90,0.99,0.90,0.95,45000,0.95
2001-10-25,0.89,0.90,0.86,0.89,33100,0.89
2001-10-24,0.85,0.90,0.85,0.86,117700,0.86
2001-10-23,0.85,0.87,0.83,0.85,167800,0.85
2001-10-22,0.90,0.90,0.84,0.85,67000,0.85
2001-10-19,0.86,0.89,0.84,0.87,19700,0.87
2001-10-18,0.88,0.94,0.84,0.89,24800,0.89
2001-10-17,0.88,0.92,0.86,0.87,24600,0.87
2001-10-16,0.88,0.90,0.82,0.90,17500,0.90
2001-10-15,0.91,0.95,0.81,0.90,41000,0.90
2001-10-12,0.93,1.00,0.90,0.92,19500,0.92
2001-10-11,0.90,1.05,0.90,0.95,86700,0.95
2001-10-10,0.95,0.95,0.83,0.90,13200,0.90
2001-10-09,0.95,0.95,0.80,0.80,5000,0.80
2001-10-08,0.95,0.95,0.93,0.93,2600,0.93
2001-10-05,0.95,0.95,0.95,0.95,700,0.95
2001-10-04,0.96,0.99,0.93,0.99,20300,0.99
2001-10-03,0.94,0.96,0.86,0.96,7200,0.96
2001-10-02,0.90,0.90,0.86,0.86,1600,0.86
2001-10-01,0.91,0.94,0.85,0.85,8900,0.85
2001-09-28,0.93,0.95,0.90,0.95,20900,0.95
2001-09-27,0.92,0.96,0.90,0.96,32800,0.96
2001-09-26,0.96,0.96,0.91,0.91,3800,0.91
2001-09-25,0.98,0.98,0.91,0.93,23100,0.93
2001-09-24,0.99,0.99,0.94,0.98,16800,0.98
2001-09-21,0.97,1.02,0.85,0.96,25500,0.96
2001-09-20,0.96,1.00,0.96,0.99,12800,0.99
2001-09-19,1.01,1.01,0.90,0.96,34300,0.96
2001-09-18,1.04,1.05,0.99,1.00,35600,1.00
2001-09-17,1.09,1.09,0.84,1.00,48900,1.00
2001-09-10,1.08,1.10,1.03,1.10,10400,1.10
2001-09-07,1.08,1.10,1.07,1.10,11700,1.10
2001-09-06,1.08,1.08,1.08,1.08,1200,1.08
2001-09-05,0.98,1.10,0.97,1.08,19800,1.08
2001-09-04,1.10,1.11,1.06,1.08,17800,1.08
2001-08-31,1.06,1.10,1.06,1.07,23800,1.07
2001-08-30,1.07,1.09,1.06,1.06,24600,1.06
2001-08-29,1.07,1.07,1.06,1.07,3300,1.07
2001-08-28,1.12,1.13,1.09,1.09,35100,1.09
2001-08-27,1.11,1.14,1.11,1.12,9000,1.12
2001-08-24,1.10,1.14,1.10,1.10,29300,1.10
2001-08-23,1.09,1.14,1.09,1.10,13100,1.10
2001-08-22,1.08,1.10,1.05,1.10,4900,1.10
2001-08-21,1.06,1.13,1.00,1.12,25800,1.12
2001-08-20,1.14,1.19,1.05,1.06,28300,1.06
2001-08-17,1.20,1.24,1.13,1.13,6900,1.13
2001-08-16,1.26,1.28,1.18,1.20,101300,1.20
2001-08-15,1.36,1.40,1.32,1.32,23300,1.32
2001-08-14,1.37,1.37,1.36,1.37,38700,1.37
2001-08-13,1.40,1.40,1.37,1.40,5500,1.40
2001-08-10,1.38,1.40,1.36,1.40,130500,1.40
2001-08-09,1.42,1.42,1.38,1.38,21400,1.38
2001-08-08,1.38,1.41,1.36,1.38,30900,1.38
2001-08-07,1.41,1.41,1.38,1.38,18500,1.38
2001-08-06,1.43,1.43,1.36,1.37,45300,1.37
2001-08-03,1.41,1.41,1.38,1.40,121700,1.40
2001-08-02,1.35,1.45,1.35,1.44,119800,1.44
2001-08-01,1.45,1.45,1.37,1.40,198300,1.40
2001-07-31,1.39,1.45,1.37,1.44,144700,1.44
2001-07-30,1.44,1.46,1.36,1.39,153400,1.39
2001-07-27,1.44,1.46,1.36,1.45,227600,1.45
2001-07-26,1.45,1.47,1.38,1.44,132900,1.44
2001-07-25,1.56,1.56,1.40,1.45,170100,1.45
2001-07-24,1.69,1.70,1.35,1.46,371400,1.46
2001-07-23,1.62,1.68,1.61,1.65,35000,1.65
2001-07-20,1.64,1.65,1.58,1.63,104000,1.63
2001-07-19,1.66,1.70,1.64,1.64,144200,1.64
2001-07-18,1.72,1.75,1.66,1.66,71500,1.66
2001-07-17,1.65,1.72,1.62,1.71,98800,1.71
2001-07-16,1.92,1.97,1.61,1.62,498600,1.62
2001-07-13,1.68,2.08,1.65,1.80,1161700,1.80
2001-07-12,1.64,1.76,1.57,1.63,198100,1.63
2001-07-11,1.59,1.68,1.55,1.60,47300,1.60
2001-07-10,1.60,1.60,1.54,1.55,222300,1.55
2001-07-09,1.53,1.66,1.53,1.63,28900,1.63
2001-07-06,1.64,1.64,1.49,1.63,73400,1.63
2001-07-05,1.51,1.62,1.51,1.60,17300,1.60
2001-07-03,1.60,1.60,1.51,1.51,1200,1.51
2001-07-02,1.55,1.62,1.40,1.60,51100,1.60
2001-06-29,1.55,1.60,1.52,1.56,29600,1.56
2001-06-28,1.61,1.64,1.54,1.64,17600,1.64
2001-06-27,1.59,1.62,1.59,1.61,24100,1.61
2001-06-26,1.57,1.63,1.57,1.59,35600,1.59
2001-06-25,1.60,1.63,1.55,1.56,17400,1.56
2001-06-22,1.60,1.62,1.55,1.55,12300,1.55
2001-06-21,1.52,1.60,1.52,1.59,50200,1.59
2001-06-20,1.56,1.59,1.55,1.56,31600,1.56
2001-06-19,1.65,1.65,1.56,1.56,57400,1.56
2001-06-18,1.60,1.65,1.60,1.64,60400,1.64
2001-06-15,1.60,1.66,1.57,1.61,41700,1.61
2001-06-14,1.69,1.70,1.51,1.60,26500,1.60
2001-06-13,1.67,1.69,1.67,1.68,28600,1.68
2001-06-12,1.74,1.75,1.65,1.65,39500,1.65
2001-06-11,1.71,1.74,1.70,1.74,26000,1.74
2001-06-08,1.70,1.74,1.67,1.71,73600,1.71
2001-06-07,1.69,1.75,1.62,1.68,61600,1.68
2001-06-06,1.71,1.71,1.67,1.67,7000,1.67
2001-06-05,1.68,1.75,1.62,1.73,10800,1.73
2001-06-04,1.80,1.80,1.60,1.71,50900,1.71
2001-06-01,1.62,1.62,1.60,1.62,4300,1.62
2001-05-31,1.60,1.65,1.58,1.60,113300,1.60
2001-05-30,1.66,1.67,1.56,1.56,90900,1.56
2001-05-29,1.66,1.75,1.66,1.66,84800,1.66
2001-05-25,1.70,1.71,1.66,1.67,102200,1.67
2001-05-24,1.79,1.80,1.70,1.70,67800,1.70
2001-05-23,1.79,1.79,1.70,1.77,90100,1.77
2001-05-22,1.69,1.77,1.68,1.75,65400,1.75
2001-05-21,1.70,1.72,1.66,1.69,60300,1.69
2001-05-18,1.68,1.69,1.65,1.69,81200,1.69
2001-05-17,1.65,1.68,1.63,1.67,88200,1.67
2001-05-16,1.65,1.67,1.61,1.62,71300,1.62
2001-05-15,1.77,1.78,1.65,1.69,122300,1.69
2001-05-14,1.68,1.78,1.65,1.72,97900,1.72
2001-05-11,1.62,1.65,1.61,1.65,81400,1.65
2001-05-10,1.62,1.64,1.59,1.60,42600,1.60
2001-05-09,1.59,1.60,1.57,1.60,50000,1.60
2001-05-08,1.57,1.60,1.55,1.59,29300,1.59
2001-05-07,1.59,1.60,1.54,1.55,54300,1.55
2001-05-04,1.56,1.60,1.51,1.57,104400,1.57
2001-05-03,1.60,1.60,1.55,1.59,106300,1.59
2001-05-02,1.60,1.61,1.53,1.60,85200,1.60
2001-05-01,1.62,1.64,1.50,1.50,40500,1.50
2001-04-30,1.56,1.68,1.53,1.60,79300,1.60
2001-04-27,1.58,1.64,1.50,1.54,441200,1.54
2001-04-26,1.46,1.55,1.44,1.50,132100,1.50
2001-04-25,1.40,1.48,1.36,1.44,170000,1.44
2001-04-24,1.36,1.50,1.35,1.45,297000,1.45
2001-04-23,1.22,1.49,1.21,1.32,211700,1.32
2001-04-20,1.22,1.25,1.19,1.23,180400,1.23
2001-04-19,1.17,1.23,1.15,1.20,140900,1.20
2001-04-18,0.98,1.20,0.94,1.13,281600,1.13
2001-04-17,0.95,0.95,0.90,0.90,57700,0.90
2001-04-16,1.03,1.04,0.92,0.94,292500,0.94
2001-04-12,0.80,1.07,0.80,1.05,529500,1.05
2001-04-11,0.84,0.86,0.78,0.81,377100,0.81
2001-04-10,0.62,0.81,0.62,0.80,537900,0.80
2001-04-09,0.71,0.76,0.52,0.60,711600,0.60
2001-04-06,0.78125,0.78125,0.71875,0.71875,232100,0.71875
2001-04-05,0.8125,0.875,0.75,0.78125,372600,0.78125
2001-04-04,0.875,0.92188,0.8125,0.8125,103900,0.8125
2001-04-03,0.90625,1.0625,0.84375,0.84375,337300,0.84375
2001-04-02,0.92188,0.96875,0.875,0.90625,121200,0.90625
2001-03-30,0.875,0.96875,0.8125,0.875,163600,0.875
2001-03-29,0.8125,0.875,0.8125,0.85938,103000,0.85938
2001-03-28,0.85938,0.90625,0.78125,0.8125,136900,0.8125
2001-03-27,0.875,0.9375,0.8125,0.90625,109100,0.90625
2001-03-26,0.92188,0.96875,0.875,0.90625,56500,0.90625
2001-03-23,0.92188,0.96875,0.84375,0.90625,110600,0.90625
2001-03-22,0.84375,0.9375,0.78125,0.9375,186600,0.9375
2001-03-21,0.875,0.90625,0.8125,0.84375,121600,0.84375
2001-03-20,0.89062,1.00,0.84375,0.875,95500,0.875
2001-03-19,1.00,1.00,0.84375,0.875,169000,0.875
2001-03-16,0.96875,1.00,0.90625,0.9375,36500,0.9375
2001-03-15,0.9375,1.03125,0.90625,1.00,293200,1.00
2001-03-14,1.3125,1.375,0.9375,1.0625,418000,1.0625
2001-03-13,0.875,0.96875,0.84375,0.90625,520400,0.90625
2001-03-12,0.84375,0.90625,0.8125,0.84375,507400,0.84375
2001-03-09,0.9375,0.9375,0.8125,0.84375,824700,0.84375
2001-03-08,1.03125,1.03125,0.875,0.9375,41700,0.9375
2001-03-07,1.0625,1.0625,0.96875,1.00,103400,1.00
2001-03-06,1.03125,1.0625,1.00,1.00,20200,1.00
2001-03-05,1.0625,1.09375,1.03125,1.03125,39500,1.03125
2001-03-02,1.01562,1.125,1.00,1.0625,405000,1.0625
2001-03-01,1.25,1.25,1.01562,1.09375,149000,1.09375
2001-02-28,1.21875,1.25,1.09375,1.25,57400,1.25
2001-02-27,1.25,1.375,1.15625,1.15625,61100,1.15625
2001-02-26,1.15625,1.21875,1.125,1.21875,29800,1.21875
2001-02-23,1.1875,1.21875,1.09375,1.15625,36900,1.15625
2001-02-22,1.15625,1.1875,1.125,1.1875,34500,1.1875
2001-02-21,1.14062,1.14062,1.03125,1.09375,73300,1.09375
2001-02-20,1.14062,1.15625,1.09375,1.09375,83500,1.09375
2001-02-16,1.1875,1.21875,1.125,1.15625,50000,1.15625
2001-02-15,1.1875,1.1875,1.15625,1.15625,31100,1.15625
2001-02-14,1.25,1.25,1.15625,1.15625,104100,1.15625
2001-02-13,1.25,1.28125,1.1875,1.20312,117500,1.20312
2001-02-12,1.28125,1.3125,1.1875,1.1875,81000,1.1875
2001-02-09,1.28125,1.375,1.28125,1.28125,36100,1.28125
2001-02-08,1.34375,1.4375,1.3125,1.375,41400,1.375
2001-02-07,1.48438,1.50,1.34375,1.375,33900,1.375
2001-02-06,1.50,1.53125,1.46875,1.46875,22600,1.46875
2001-02-05,1.54688,1.5625,1.46875,1.50,39400,1.50
2001-02-02,1.5625,1.5625,1.46875,1.50,40700,1.50
2001-02-01,1.53125,1.65625,1.53125,1.59375,43300,1.59375
2001-01-31,1.50,1.59375,1.50,1.5625,119500,1.5625
2001-01-30,1.53125,1.53125,1.46875,1.50,121800,1.50
2001-01-29,1.57812,1.59375,1.4375,1.50,80900,1.50
2001-01-26,1.50,1.5625,1.50,1.50,136500,1.50
2001-01-25,1.65625,1.65625,1.50,1.50,212900,1.50
2001-01-24,1.48438,1.59375,1.4375,1.59375,236700,1.59375
2001-01-23,1.5625,1.5625,1.4375,1.46875,262900,1.46875
2001-01-22,1.625,1.625,1.46875,1.5625,195300,1.5625
2001-01-19,1.53125,1.5625,1.375,1.46875,138700,1.46875
2001-01-18,1.6875,1.6875,1.46875,1.46875,301900,1.46875
2001-01-17,1.46875,1.75,1.4375,1.625,489800,1.625
2001-01-16,1.60938,1.60938,1.375,1.40625,598500,1.40625
2001-01-12,1.35938,1.40625,1.1875,1.25,555500,1.25
2001-01-11,1.34375,1.375,1.25,1.3125,386200,1.3125
2001-01-10,1.34375,1.375,1.09375,1.28125,439500,1.28125
2001-01-09,1.53125,1.53125,1.21875,1.40625,325400,1.40625
2001-01-08,1.5625,1.5625,1.4375,1.4375,89000,1.4375
2001-01-05,1.79688,1.8125,1.40625,1.50,315900,1.50
2001-01-04,1.95312,1.96875,1.6875,1.75,109100,1.75
2001-01-03,1.8125,2.125,1.6875,1.96875,620500,1.96875
2001-01-02,2.23438,2.25,1.625,1.75,208300,1.75
2000-12-29,2.89062,3.00,1.875,2.375,187000,2.375
2000-12-28,1.90625,2.9375,1.76562,2.90625,258900,2.90625
2000-12-27,1.75,1.90625,1.75,1.90625,42400,1.90625
2000-12-26,1.9375,1.9375,1.75,1.8125,31200,1.8125
2000-12-22,1.98438,2.00,1.75,1.8125,41800,1.8125
2000-12-21,2.00,2.00,1.8125,1.875,64300,1.875
2000-12-20,2.0625,2.25,1.8125,1.875,201700,1.875
2000-12-19,2.75,2.875,2.25,2.3125,120300,2.3125
2000-12-18,2.89062,3.00,2.625,2.625,40700,2.625
2000-12-15,2.6875,2.8125,2.5625,2.8125,26300,2.8125
2000-12-14,2.75,2.75,2.625,2.625,5200,2.625
2000-12-13,2.9375,3.00,2.625,2.75,10100,2.75
2000-12-12,3.04688,3.0625,2.75,2.75,15800,2.75
2000-12-11,2.95312,3.21875,2.9375,3.03125,32400,3.03125
2000-12-08,3.00,3.15625,2.90625,3.00,61000,3.00
2000-12-07,2.625,2.875,2.625,2.875,29100,2.875
2000-12-06,3.375,3.375,2.625,2.625,57700,2.625
2000-12-05,2.3125,3.50,2.3125,3.50,219300,3.50
2000-12-04,2.48438,2.48438,2.0625,2.25,26900,2.25
2000-12-01,2.35938,2.50,2.1875,2.4375,52300,2.4375
2000-11-30,2.1875,2.3125,2.00,2.1875,38800,2.1875
2000-11-29,2.50,2.50,2.25,2.25,25400,2.25
2000-11-28,2.375,2.625,2.1875,2.25,36300,2.25
2000-11-27,2.60938,2.9375,2.375,2.375,39900,2.375
2000-11-24,2.92188,2.9375,2.4375,2.59375,21200,2.59375
2000-11-22,2.625,2.8125,2.34375,2.4375,118900,2.4375
2000-11-21,2.8125,3.00,2.625,2.625,38100,2.625
2000-11-20,2.875,2.9375,2.75,2.8125,32200,2.8125
2000-11-17,3.00,3.00,2.75,2.875,25400,2.875
2000-11-16,2.875,3.00,2.875,2.875,5500,2.875
2000-11-15,3.0625,3.0625,2.9375,3.0625,144700,3.0625
2000-11-14,2.95312,3.125,2.9375,3.00,133100,3.00
2000-11-13,2.875,3.00,2.6875,2.875,75500,2.875
2000-11-10,2.85938,3.00,2.75,2.9375,122100,2.9375
2000-11-09,3.04688,3.0625,2.8125,2.8125,125700,2.8125
2000-11-08,3.03125,3.0625,3.00,3.0625,34800,3.0625
2000-11-07,3.00,3.125,3.00,3.00,146300,3.00
2000-11-06,3.10938,3.25,2.9375,3.00,307400,3.00
2000-11-03,3.25,3.25,3.00,3.0625,327800,3.0625
2000-11-02,3.15625,3.4375,3.00,3.125,596300,3.125
2000-11-01,3.03125,3.1875,2.5625,3.125,393600,3.125
2000-10-31,4.15625,4.375,3.00,3.03125,382600,3.03125
2000-10-30,4.46875,4.46875,4.125,4.25,51900,4.25
2000-10-27,4.23438,4.375,4.00,4.3125,49400,4.3125
2000-10-26,4.375,4.375,4.03125,4.25,16400,4.25
2000-10-25,4.26562,4.375,4.03125,4.25,10700,4.25
2000-10-24,4.625,4.625,4.3125,4.375,16300,4.375
2000-10-23,4.60938,4.625,4.50,4.625,32700,4.625
2000-10-20,4.625,4.625,4.4375,4.5625,61800,4.5625
2000-10-19,4.4375,4.625,4.125,4.5625,52300,4.5625
2000-10-18,4.625,4.625,4.125,4.3125,21300,4.3125
2000-10-17,4.875,4.875,4.375,4.375,21900,4.375
2000-10-16,5.25,5.375,4.75,5.00,37000,5.00
2000-10-13,4.14062,5.375,4.03125,5.375,100200,5.375
2000-10-12,4.35938,4.375,4.00,4.04688,49500,4.04688
2000-10-11,4.07812,4.25,3.75,4.00,103800,4.00
2000-10-10,4.35938,4.50,4.125,4.28125,45400,4.28125
2000-10-09,4.26562,5.50,4.125,4.375,156000,4.375
2000-10-06,4.9375,5.00,3.625,4.00,212000,4.00
2000-10-05,5.25,5.4375,4.8125,4.875,68600,4.875
2000-10-04,5.375,5.4375,5.25,5.4375,18200,5.4375
2000-10-03,5.375,5.50,5.3125,5.375,19900,5.375
2000-10-02,5.50,5.75,5.32812,5.4375,12200,5.4375
2000-09-29,5.34375,5.875,5.25,5.8125,25200,5.8125
2000-09-28,5.9375,5.9375,5.25,5.50,151400,5.50
2000-09-27,6.40625,6.4375,5.875,6.03125,252400,6.03125
2000-09-26,6.50,6.875,6.375,6.375,96800,6.375
2000-09-25,6.75,6.875,6.4375,6.50,41000,6.50
2000-09-22,6.75,7.00,6.5625,6.6875,56300,6.6875
2000-09-21,7.21875,7.21875,7.00,7.125,71600,7.125
2000-09-20,7.59375,7.875,7.25,7.50,84000,7.50
2000-09-19,7.3125,7.8125,7.0625,7.8125,142800,7.8125
2000-09-18,7.71875,7.75,7.00,7.3125,116900,7.3125
2000-09-15,7.6875,8.00,7.25,7.625,91400,7.625
2000-09-14,7.23438,8.125,7.23438,7.625,176300,7.625
2000-09-13,6.9375,7.125,6.875,7.00,45200,7.00
2000-09-12,7.03125,7.0625,6.75,6.875,58900,6.875
2000-09-11,7.00,7.00,6.75,6.75,83300,6.75
2000-09-08,7.26562,7.40625,6.50,7.125,83600,7.125
2000-09-07,7.6875,7.875,6.9375,7.3125,36000,7.3125
2000-09-06,7.375,7.375,6.875,6.9375,111300,6.9375
2000-09-05,7.50,7.625,6.875,6.875,91100,6.875
2000-09-01,7.8125,8.0625,7.125,7.50,168600,7.50
2000-08-31,6.625,8.125,6.50,7.625,266400,7.625
2000-08-30,6.4375,6.50,6.375,6.4375,34900,6.4375
2000-08-29,6.51562,6.625,6.375,6.40625,86800,6.40625
2000-08-28,6.6875,6.75,6.375,6.4375,39600,6.4375
2000-08-25,6.84375,7.00,6.375,6.375,145700,6.375
2000-08-24,6.625,6.875,6.375,6.625,576800,6.625
2000-08-23,6.53125,6.6875,6.25,6.375,140100,6.375
2000-08-22,6.4375,6.875,6.375,6.375,134600,6.375
2000-08-21,6.46875,6.50,6.375,6.375,217400,6.375
2000-08-18,5.875,6.5625,5.625,6.25,145400,6.25
2000-08-17,5.40625,5.875,5.25,5.875,85800,5.875
2000-08-16,5.375,5.50,5.25,5.375,86200,5.375
2000-08-15,5.75,5.75,5.00,5.125,241400,5.125
2000-08-14,5.90625,6.00,5.375,5.75,223000,5.75
2000-08-11,6.03125,6.125,5.8125,5.875,56800,5.875
2000-08-10,5.75,6.3125,5.71875,6.15625,174200,6.15625
2000-08-09,6.50,6.50,5.625,5.6875,81100,5.6875
2000-08-08,6.28125,6.50,6.25,6.25,211500,6.25
2000-08-07,6.375,6.75,6.25,6.375,108100,6.375
2000-08-04,6.84375,6.875,6.125,6.50,231600,6.50
2000-08-03,6.50,6.54688,6.00,6.125,240100,6.125
2000-08-02,6.84375,7.00,6.375,6.50,200500,6.50
2000-08-01,6.75,7.125,6.625,6.6875,630600,6.6875
2000-07-31,5.50,7.25,5.4375,6.375,618200,6.375
2000-07-28,5.9375,6.00,4.75,5.50,1127300,5.50
2000-07-27,6.5625,6.75,5.625,5.75,272200,5.75
2000-07-26,7.09375,7.125,6.625,6.6875,200700,6.6875
2000-07-25,7.875,7.875,7.00,7.25,164700,7.25
2000-07-24,8.375,8.50,7.50,7.6875,356700,7.6875
2000-07-21,9.03125,9.125,8.3125,8.35938,263900,8.35938
2000-07-20,9.125,9.125,8.875,9.00,287100,9.00
2000-07-19,10.46875,10.50,8.625,9.125,1153500,9.125
2000-07-18,12.375,13.00,9.75,9.875,1726200,9.875
2000-07-17,13.125,13.125,12.00,12.0625,503400,12.0625
2000-07-14,13.1875,13.50,13.00,13.0625,419900,13.0625
2000-07-13,13.125,13.125,13.00,13.125,629400,13.125
2000-07-12,13.03125,13.78125,12.625,13.00,2563200,13.00
